GlobalBin    Bin    row_lo    row_hi    subrow_lo    subrow_hi    element_lo    element_hi
0     0     -1000     -1000     0   1   0.106     0.226
1     1     -1000     -1000     0   1   0.226     0.296
2     2     -1000     -1000     0   1   0.296     0.386
3     3     -1000     -1000     0   1   0.386     0.505
4     4     -1000     -1000     0   1   0.505     0.577
5     5     -1000     -1000     0   1   0.577     0.659
6     6     -1000     -1000     0   1   0.659     0.753
7     7     -1000     -1000     0   1   0.753     0.861
8     8     -1000     -1000     0   1   0.861     0.984
9     9     -1000     -1000     0   1   0.984     1.285
10     10     -1000     -1000   0   1     1.285     2.506
11     11     -1000     -1000     1     2     0.106     0.226
12     12     -1000     -1000     1     2     0.226     0.296
13     13     -1000     -1000     1     2     0.296     0.386
14     14     -1000     -1000     1     2     0.386     0.505
15     15     -1000     -1000     1     2     0.505     0.577
16     16     -1000     -1000     1     2     0.577     0.659
17     17     -1000     -1000     1     2     0.659     0.753
18     18     -1000     -1000     1     2     0.753     0.861
19     19     -1000     -1000     1     2     0.861     0.984
20     20     -1000     -1000     1     2     0.984     1.285
21     21     -1000     -1000     1     2     1.285     2.506
22     0     -1000     -1000     0    1    -1     -0.6
23     1     -1000     -1000     0    1    -0.6     -0.5
24     2     -1000     -1000     0    1    -0.5     -0.4
25     3     -1000     -1000     0    1    -0.4     -0.3
26     4     -1000     -1000     0    1    -0.3     -0.2
27     5     -1000     -1000     0    1    -0.2     -0.1
28     6     -1000     -1000     0    1    -0.1     0
29     7     -1000     -1000     0    1    0     0.1
30     8     -1000     -1000     0    1    0.1     0.2
31     9     -1000     -1000     0    1    0.2     0.3
32     10     -1000     -1000    0    1     0.3     0.4
33     11     -1000     -1000    0    1     0.4     0.5
34     12     -1000     -1000    0    1     0.5     0.6
35     13     -1000     -1000    0    1     0.6     0.7
36     14     -1000     -1000    0    1     0.7     0.8
37     15     -1000     -1000    0    1     0.8     0.9
38     16     -1000     -1000    0    1     0.9     1
39     17     -1000     -1000     1     2     -1     -0.6
40     18     -1000     -1000     1     2     -0.6     -0.5
41     19     -1000     -1000     1     2     -0.5     -0.4
42     20     -1000     -1000     1     2     -0.4     -0.3
43     21     -1000     -1000     1     2     -0.3     -0.2
44     22     -1000     -1000     1     2     -0.2     -0.1
45     23     -1000     -1000     1     2     -0.1     0
46     24     -1000     -1000     1     2     0     0.1
47     25     -1000     -1000     1     2     0.1     0.2
48     26     -1000     -1000     1     2     0.2     0.3
49     27     -1000     -1000     1     2     0.3     0.4
50     28     -1000     -1000     1     2     0.4     0.5
51     29     -1000     -1000     1     2     0.5     0.6
52     30     -1000     -1000     1     2     0.6     0.7
53     31     -1000     -1000     1     2     0.7     0.8
54     32     -1000     -1000     1     2     0.8     0.9
55     33     -1000     -1000     1     2     0.9     1
56     0     -1000     -1000     0     1     0.2     0.54
57     1     -1000     -1000     0     1     0.54     0.705
58     2     -1000     -1000     0     1     0.705     0.805
59     3     -1000     -1000     0     1     0.805     0.92
60     4     -1000     -1000     0     1     0.92     1.05
61     5     -1000     -1000     0     1     1.05     1.2
62     6     -1000     -1000     0     1     1.2     1.375
63     7     -1000     -1000     0     1     1.375     1.57
64     8     -1000     -1000     0     1     1.57     2.05
65     9     -1000     -1000     0     1     2.05     4.0
66     10     -1000     -1000     1     2     0.2     0.54
67     11     -1000     -1000     1     2     0.54     0.705
68     12     -1000     -1000     1     2     0.705     0.805
69     13     -1000     -1000     1     2     0.805     0.92
70     14     -1000     -1000     1     2     0.92     1.05
71     15     -1000     -1000     1     2     1.05     1.2
72     16     -1000     -1000     1     2     1.2     1.375
73     17     -1000     -1000     1     2     1.375     1.57
74     18     -1000     -1000     1     2     1.57     2.05
75     19     -1000     -1000     1     2     2.05     4.0
76     0     -1000     -1000     0     1     0     0.3
77     1     -1000     -1000     0     1     0.3     0.7
78     2     -1000     -1000     0     1     0.7     2.5
79     3     -1000     -1000     1     2     0     0.12
80     4     -1000     -1000     1     2     0.12     0.275
81     5     -1000     -1000     1     2     0.275     0.4
82     6     -1000     -1000     1     2     0.4     0.6
83     7     -1000     -1000     1     2     0.6     1.0
84     8     -1000     -1000     1     2     1.0     2.5
85     0     -1000     -1000     0     1     0     0.3
86     1     -1000     -1000     0     1     0.3     0.4
87     2     -1000     -1000     0     1     0.4     0.5
88     3     -1000     -1000     0     1     0.5     1.0
89     4     -1000     -1000     0     1     1.0     2.5
90     5     -1000     -1000     1    2    0     0.3
91     6     -1000     -1000     1    2    0.3     0.4
92     7     -1000     -1000     1    2    0.4     0.5
93     8     -1000     -1000     1    2    0.5     0.6
94     9     -1000     -1000     1    2    0.6     0.7
95     10     -1000     -1000    1    2     0.7     0.8
96     11     -1000     -1000    1    2     0.8     1.0
97     12     -1000     -1000    1    2     1.0     1.3
98     13     -1000     -1000    1    2     1.3     2.5
99     0     -1000     -1000     -1000     -1000     0     0.035
100     1     -1000     -1000     -1000     -1000     0.035     0.105
101     2     -1000     -1000     -1000     -1000     0.105     0.1225
102     3     -1000     -1000     -1000     -1000     0.1225     0.14
103     4     -1000     -1000     -1000     -1000     0.14     0.1575
104     5     -1000     -1000     -1000     -1000     0.1575     0.175
105     6     -1000     -1000     -1000     -1000     0.175     0.1925
106     7     -1000     -1000     -1000     -1000     0.1925     0.21
107     8     -1000     -1000     -1000     -1000     0.21     0.245
108     9     -1000     -1000     -1000     -1000     0.245     0.28
109     10     -1000     -1000     -1000     -1000     0.28     0.315
110     11     -1000     -1000     -1000     -1000     0.315     0.35
111     12     -1000     -1000     -1000     -1000     0.35     0.42
112     13     -1000     -1000     -1000     -1000     0.42     0.525
113     14     -1000     -1000     -1000     -1000     0.525     0.8
114     0     -1000     -1000     -1000     -1000     -1     -0.9
115     1     -1000     -1000     -1000     -1000     -0.9     -0.8
116     2     -1000     -1000     -1000     -1000     -0.8     -0.7
117     3     -1000     -1000     -1000     -1000     -0.7     -0.6
118     4     -1000     -1000     -1000     -1000     -0.6     -0.5
119     5     -1000     -1000     -1000     -1000     -0.5     -0.4
120     6     -1000     -1000     -1000     -1000     -0.4     -0.3
121     7     -1000     -1000     -1000     -1000     -0.3     -0.2
122     8     -1000     -1000     -1000     -1000     -0.2     -0.1
123     9     -1000     -1000     -1000     -1000     -0.1     0
124     10     -1000     -1000     -1000     -1000     0     0.1
125     11     -1000     -1000     -1000     -1000     0.1     0.2
126     12     -1000     -1000     -1000     -1000     0.2     0.3
127     13     -1000     -1000     -1000     -1000     0.3     0.4
128     14     -1000     -1000     -1000     -1000     0.4     0.5
129     15     -1000     -1000     -1000     -1000     0.5     0.6
130     16     -1000     -1000     -1000     -1000     0.6     0.7
131     17     -1000     -1000     -1000     -1000     0.7     0.8
132     18     -1000     -1000     -1000     -1000     0.8     0.9
133     19     -1000     -1000     -1000     -1000     0.9     1
134     0     -1000     -1000     -1000     -1000     0     1
135     1     -1000     -1000     -1000     -1000     1     2
136     2     -1000     -1000     -1000     -1000     2     3
137     3     -1000     -1000     -1000     -1000     3     4
138     0     0    1    -1     -0.5     0.106     0.226
139     1     0    1    -1     -0.5     0.226     0.296
140     2     0    1    -1     -0.5     0.296     2.506
141     3     0    1    -0.5     0     0.106     0.226
142     4     0    1    -0.5     0     0.226     0.296
143     5     0    1    -0.5     0     0.296     0.386
144     6     0    1    -0.5     0     0.386     2.506
145     7     0    1    0     0.3     0.106     0.226
146     8     0    1    0     0.3     0.226     0.296
147     9     0    1    0     0.3     0.296     0.386
148     10    0    1     0     0.3     0.386     2.506
149     11    0    1     0.3     0.5     0.106     0.226
150     12    0    1     0.3     0.5     0.226     0.296
151     13    0    1     0.3     0.5     0.296     0.386
152     14    0    1     0.3     0.5     0.386     0.505
153     15    0    1     0.3     0.5     0.505     0.577
154     16    0    1     0.3     0.5     0.577     2.506
155     17    0    1     0.5     0.7     0.106     0.226
156     18    0    1     0.5     0.7     0.226     0.296
157     19    0    1     0.5     0.7     0.296     0.386
158     20    0    1     0.5     0.7     0.386     0.505
159     21    0    1     0.5     0.7     0.505     0.577
160     22    0    1     0.5     0.7     0.577     0.659
161     23    0    1     0.5     0.7     0.659     0.753
162     24    0    1     0.5     0.7     0.753     0.861
163     25    0    1     0.5     0.7     0.861     2.506
164     26    0    1     0.7     0.8     0.106     0.296
165     27    0    1     0.7     0.8     0.296     0.386
166     28    0    1     0.7     0.8     0.386     0.505
167     29    0    1     0.7     0.8     0.505     0.577
168     30    0    1     0.7     0.8     0.577     0.659
169     31    0    1     0.7     0.8     0.659     0.753
170     32    0    1     0.7     0.8     0.753     0.861
171     33    0    1     0.7     0.8     0.861     0.984
172     34    0    1     0.7     0.8     0.984     2.506
173     35    0    1     0.8     0.9     0.106     0.296
174     36    0    1     0.8     0.9     0.296     0.386
175     37    0    1     0.8     0.9     0.386     0.505
176     38    0    1     0.8     0.9     0.505     0.577
177     39    0    1     0.8     0.9     0.577     0.659
178     40    0    1     0.8     0.9     0.659     0.753
179     41    0    1     0.8     0.9     0.753     0.861
180     42    0    1     0.8     0.9     0.861     0.984
181     43    0    1     0.8     0.9     0.984     1.285
182     44    0    1     0.8     0.9     1.285     2.506
183     45    0    1     0.9     1     0.106     0.296
184     46    0    1     0.9     1     0.296     0.386
185     47    0    1     0.9     1     0.386     0.505
186     48    0    1     0.9     1     0.505     0.577
187     49    0    1     0.9     1     0.577     0.659
188     50    0    1     0.9     1     0.659     0.753
189     51    0    1     0.9     1     0.753     0.861
190     52    0    1     0.9     1     0.861     0.984
191     53    0    1     0.9     1     0.984     1.285
192     54    0    1     0.9     1     1.285     2.506
193     55     1    2    -1     -0.5     0.106     0.226
194     56     1    2    -1     -0.5     0.226     0.296
195     57     1    2    -1     -0.5     0.296     0.386
196     58     1    2    -1     -0.5     0.386     2.506
197     59     1    2    -0.5     0     0.106     0.226
198     60     1    2    -0.5     0     0.226     0.296
199     61     1    2    -0.5     0     0.296     0.386
200     62     1    2    -0.5     0     0.386     0.505
201     63     1    2    -0.5     0     0.505     0.577
202     64     1    2    -0.5     0     0.577     2.506
203     65     1    2    0     0.3     0.106     0.226
204     66     1    2    0     0.3     0.226     0.296
205     67     1    2    0     0.3     0.296     0.386
206     68     1    2    0     0.3     0.386     0.505
207     69     1    2    0     0.3     0.505     0.577
208     70     1    2    0     0.3     0.577     0.659
209     71     1    2    0     0.3     0.659     2.506
210     72     1    2    0.3     0.5     0.106     0.226
211     73     1    2    0.3     0.5     0.226     0.296
212     74     1    2    0.3     0.5     0.296     0.386
213     75     1    2    0.3     0.5     0.386     0.505
214     76     1    2    0.3     0.5     0.505     0.577
215     77     1    2    0.3     0.5     0.577     0.659
216     78     1    2    0.3     0.5     0.659     0.753
217     79     1    2    0.3     0.5     0.753     0.861
218     80     1    2    0.3     0.5     0.861     2.506
219     81     1    2    0.5     0.7     0.106     0.226
220     82     1    2    0.5     0.7     0.226     0.296
221     83     1    2    0.5     0.7     0.296     0.386
222     84     1    2    0.5     0.7     0.386     0.505
223     85     1    2    0.5     0.7     0.505     0.577
224     86     1    2    0.5     0.7     0.577     0.659
225     87     1    2    0.5     0.7     0.659     0.753
226     88     1    2    0.5     0.7     0.753     0.861
227     89     1    2    0.5     0.7     0.861     0.984
228     90     1    2    0.5     0.7     0.984     2.506
229     91     1    2    0.7     0.8     0.106     0.226
230     92     1    2    0.7     0.8     0.226     0.296
231     93     1    2    0.7     0.8     0.296     0.386
232     94     1    2    0.7     0.8     0.386     0.505
233     95     1    2    0.7     0.8     0.505     0.577
234     96     1    2    0.7     0.8     0.577     0.659
235     97     1    2    0.7     0.8     0.659     0.753
236     98     1    2    0.7     0.8     0.753     0.861
237     99     1    2    0.7     0.8     0.861     0.984
238     100    1    2     0.7     0.8     0.984     1.285
239     101    1    2     0.7     0.8     1.285     2.506
240     102    1    2     0.8     0.9     0.106     0.226
241     103    1    2     0.8     0.9     0.226     0.296
242     104    1    2     0.8     0.9     0.296     0.386
243     105    1    2     0.8     0.9     0.386     0.505
244     106    1    2     0.8     0.9     0.505     0.577
245     107    1    2     0.8     0.9     0.577     0.659
246     108    1    2     0.8     0.9     0.659     0.753
247     109    1    2     0.8     0.9     0.753     0.861
248     110    1    2     0.8     0.9     0.861     0.984
249     111    1    2     0.8     0.9     0.984     1.285
250     112    1    2     0.8     0.9     1.285     2.506
251     113    1    2     0.9     1     0.106     0.226
252     114    1    2     0.9     1     0.226     0.296
253     115    1    2     0.9     1     0.296     0.386
254     116    1    2     0.9     1     0.386     0.505
255     117    1    2     0.9     1     0.505     0.577
256     118    1    2     0.9     1     0.577     0.659
257     119    1    2     0.9     1     0.659     0.753
258     120    1    2     0.9     1     0.753     0.861
259     121    1    2     0.9     1     0.861     0.984
260     122    1    2     0.9     1     0.984     1.285
261     123    1    2     0.9     1     1.285     2.506
262     0     -1000     -1000     -1     -0.5     0.035     0.105
263     1     -1000     -1000     -1     -0.5     0.105     0.1225
264     2     -1000     -1000     -1     -0.5     0.1225     0.14
265     3     -1000     -1000     -1     -0.5     0.14     0.1575
266     4     -1000     -1000     -1     -0.5     0.1575     0.175
267     5     -1000     -1000     -1     -0.5     0.175     0.1925
268     6     -1000     -1000     -1     -0.5     0.1925     0.21
269     7     -1000     -1000     -1     -0.5     0.21     0.8
270     8     -1000     -1000     -0.5     0     0.035     0.105
271     9     -1000     -1000     -0.5     0     0.105     0.1225
272     10     -1000     -1000     -0.5     0     0.1225     0.14
273     11     -1000     -1000     -0.5     0     0.14     0.1575
274     12     -1000     -1000     -0.5     0     0.1575     0.175
275     13     -1000     -1000     -0.5     0     0.175     0.1925
276     14     -1000     -1000     -0.5     0     0.1925     0.21
277     15     -1000     -1000     -0.5     0     0.21     0.245
278     16     -1000     -1000     -0.5     0     0.245     0.8
279     17     -1000     -1000     0     0.3     0.035     0.105
280     18     -1000     -1000     0     0.3     0.105     0.1225
281     19     -1000     -1000     0     0.3     0.1225     0.14
282     20     -1000     -1000     0     0.3     0.14     0.1575
283     21     -1000     -1000     0     0.3     0.1575     0.175
284     22     -1000     -1000     0     0.3     0.175     0.1925
285     23     -1000     -1000     0     0.3     0.1925     0.21
286     24     -1000     -1000     0     0.3     0.21     0.245
287     25     -1000     -1000     0     0.3     0.245     0.28
288     26     -1000     -1000     0     0.3     0.28     0.315
289     27     -1000     -1000     0     0.3     0.315     0.8
290     28     -1000     -1000     0.3     0.5     0.035     0.105
291     29     -1000     -1000     0.3     0.5     0.105     0.1225
292     30     -1000     -1000     0.3     0.5     0.1225     0.14
293     31     -1000     -1000     0.3     0.5     0.14     0.1575
294     32     -1000     -1000     0.3     0.5     0.1575     0.175
295     33     -1000     -1000     0.3     0.5     0.175     0.1925
296     34     -1000     -1000     0.3     0.5     0.1925     0.21
297     35     -1000     -1000     0.3     0.5     0.21     0.245
298     36     -1000     -1000     0.3     0.5     0.245     0.28
299     37     -1000     -1000     0.3     0.5     0.28     0.315
300     38     -1000     -1000     0.3     0.5     0.315     0.35
301     39     -1000     -1000     0.3     0.5     0.35     0.8
302     40     -1000     -1000     0.5     0.7     0.035     0.105
303     41     -1000     -1000     0.5     0.7     0.105     0.1225
304     42     -1000     -1000     0.5     0.7     0.1225     0.14
305     43     -1000     -1000     0.5     0.7     0.14     0.1575
306     44     -1000     -1000     0.5     0.7     0.1575     0.175
307     45     -1000     -1000     0.5     0.7     0.175     0.1925
308     46     -1000     -1000     0.5     0.7     0.1925     0.21
309     47     -1000     -1000     0.5     0.7     0.21     0.245
310     48     -1000     -1000     0.5     0.7     0.245     0.28
311     49     -1000     -1000     0.5     0.7     0.28     0.315
312     50     -1000     -1000     0.5     0.7     0.315     0.35
313     51     -1000     -1000     0.5     0.7     0.35     0.42
314     52     -1000     -1000     0.5     0.7     0.42     0.525
315     53     -1000     -1000     0.5     0.7     0.525     0.8
316     54     -1000     -1000     0.7     0.8     0.035     0.105
317     55     -1000     -1000     0.7     0.8     0.105     0.1225
318     56     -1000     -1000     0.7     0.8     0.1225     0.14
319     57     -1000     -1000     0.7     0.8     0.14     0.1575
320     58     -1000     -1000     0.7     0.8     0.1575     0.175
321     59     -1000     -1000     0.7     0.8     0.175     0.1925
322     60     -1000     -1000     0.7     0.8     0.1925     0.21
323     61     -1000     -1000     0.7     0.8     0.21     0.245
324     62     -1000     -1000     0.7     0.8     0.245     0.28
325     63     -1000     -1000     0.7     0.8     0.28     0.315
326     64     -1000     -1000     0.7     0.8     0.315     0.35
327     65     -1000     -1000     0.7     0.8     0.35     0.42
328     66     -1000     -1000     0.7     0.8     0.42     0.525
329     67     -1000     -1000     0.7     0.8     0.525     0.8
330     68     -1000     -1000     0.8     0.9     0.035     0.105
331     69     -1000     -1000     0.8     0.9     0.105     0.1225
332     70     -1000     -1000     0.8     0.9     0.1225     0.14
333     71     -1000     -1000     0.8     0.9     0.14     0.1575
334     72     -1000     -1000     0.8     0.9     0.1575     0.175
335     73     -1000     -1000     0.8     0.9     0.175     0.1925
336     74     -1000     -1000     0.8     0.9     0.1925     0.21
337     75     -1000     -1000     0.8     0.9     0.21     0.245
338     76     -1000     -1000     0.8     0.9     0.245     0.28
339     77     -1000     -1000     0.8     0.9     0.28     0.315
340     78     -1000     -1000     0.8     0.9     0.315     0.35
341     79     -1000     -1000     0.8     0.9     0.35     0.42
342     80     -1000     -1000     0.8     0.9     0.42     0.525
343     81     -1000     -1000     0.8     0.9     0.525     0.8
344     82     -1000     -1000     0.9     1     0.035     0.105
345     83     -1000     -1000     0.9     1     0.105     0.1225
346     84     -1000     -1000     0.9     1     0.1225     0.14
347     85     -1000     -1000     0.9     1     0.14     0.1575
348     86     -1000     -1000     0.9     1     0.1575     0.175
349     87     -1000     -1000     0.9     1     0.175     0.1925
350     88     -1000     -1000     0.9     1     0.1925     0.21
351     89     -1000     -1000     0.9     1     0.21     0.245
352     90     -1000     -1000     0.9     1     0.245     0.28
353     91     -1000     -1000     0.9     1     0.28     0.315
354     92     -1000     -1000     0.9     1     0.315     0.35
355     93     -1000     -1000     0.9     1     0.35     0.42
356     94     -1000     -1000     0.9     1     0.42     0.525
357     95     -1000     -1000     0.9     1     0.525     0.8
358     0     -1000     -1000     -1000     -1000     0.106     0.226
359     1     -1000     -1000     -1000     -1000     0.226     0.296
360     2     -1000     -1000     -1000     -1000     0.296     0.386
361     3     -1000     -1000     -1000     -1000     0.386     0.505
362     4     -1000     -1000     -1000     -1000     0.505     0.577
363     5     -1000     -1000     -1000     -1000     0.577     0.659
364     6     -1000     -1000     -1000     -1000     0.659     0.753
365     7     -1000     -1000     -1000     -1000     0.753     0.861
366     8     -1000     -1000     -1000     -1000     0.861     0.984
367     9     -1000     -1000     -1000     -1000     0.984     1.285
368     10     -1000     -1000     -1000     -1000     1.285     2.506
369     0     -1000     -1000     -1000     -1000     -1     -0.6
370     1     -1000     -1000     -1000     -1000     -0.6     -0.5
371     2     -1000     -1000     -1000     -1000     -0.5     -0.4
372     3     -1000     -1000     -1000     -1000     -0.4     -0.3
373     4     -1000     -1000     -1000     -1000     -0.3     -0.2
374     5     -1000     -1000     -1000     -1000     -0.2     -0.1
375     6     -1000     -1000     -1000     -1000     -0.1     0
376     7     -1000     -1000     -1000     -1000     0     0.1
377     8     -1000     -1000     -1000     -1000     0.1     0.2
378     9     -1000     -1000     -1000     -1000     0.2     0.3
379     10     -1000     -1000     -1000     -1000     0.3     0.4
380     11     -1000     -1000     -1000     -1000     0.4     0.5
381     12     -1000     -1000     -1000     -1000     0.5     0.6
382     13     -1000     -1000     -1000     -1000     0.6     0.7
383     14     -1000     -1000     -1000     -1000     0.7     0.8
384     15     -1000     -1000     -1000     -1000     0.8     0.9
385     16     -1000     -1000     -1000     -1000     0.9     1
386     0     -1000     -1000     -1     -0.5     0.106     0.226
387     1     -1000     -1000     -1     -0.5     0.226     0.296
388     2     -1000     -1000     -1     -0.5     0.296     0.386
389     3     -1000     -1000     -1     -0.5     0.386     2.506
390     4     -1000     -1000     -0.5     0     0.106     0.226
391     5     -1000     -1000     -0.5     0     0.226     0.296
392     6     -1000     -1000     -0.5     0     0.296     0.386
393     7     -1000     -1000     -0.5     0     0.386     0.505
394     8     -1000     -1000     -0.5     0     0.505     0.577
395     9     -1000     -1000     -0.5     0     0.577     2.506
396     10     -1000     -1000     0     0.3     0.106     0.226
397     11     -1000     -1000     0     0.3     0.226     0.296
398     12     -1000     -1000     0     0.3     0.296     0.386
399     13     -1000     -1000     0     0.3     0.386     0.505
400     14     -1000     -1000     0     0.3     0.505     0.577
401     15     -1000     -1000     0     0.3     0.577     0.659
402     16     -1000     -1000     0     0.3     0.659     2.506
403     17     -1000     -1000     0.3     0.5     0.106     0.226
404     18     -1000     -1000     0.3     0.5     0.226     0.296
405     19     -1000     -1000     0.3     0.5     0.296     0.386
406     20     -1000     -1000     0.3     0.5     0.386     0.505
407     21     -1000     -1000     0.3     0.5     0.505     0.577
408     22     -1000     -1000     0.3     0.5     0.577     0.659
409     23     -1000     -1000     0.3     0.5     0.659     0.753
410     24     -1000     -1000     0.3     0.5     0.753     0.861
411     25     -1000     -1000     0.3     0.5     0.861     2.506
412     26     -1000     -1000     0.5     0.7     0.106     0.226
413     27     -1000     -1000     0.5     0.7     0.226     0.296
414     28     -1000     -1000     0.5     0.7     0.296     0.386
415     29     -1000     -1000     0.5     0.7     0.386     0.505
416     30     -1000     -1000     0.5     0.7     0.505     0.577
417     31     -1000     -1000     0.5     0.7     0.577     0.659
418     32     -1000     -1000     0.5     0.7     0.659     0.753
419     33     -1000     -1000     0.5     0.7     0.753     0.861
420     34     -1000     -1000     0.5     0.7     0.861     0.984
421     35     -1000     -1000     0.5     0.7     0.984     2.506
422     36     -1000     -1000     0.7     0.8     0.106     0.226
423     37     -1000     -1000     0.7     0.8     0.226     0.296
424     38     -1000     -1000     0.7     0.8     0.296     0.386
425     39     -1000     -1000     0.7     0.8     0.386     0.505
426     40     -1000     -1000     0.7     0.8     0.505     0.577
427     41     -1000     -1000     0.7     0.8     0.577     0.659
428     42     -1000     -1000     0.7     0.8     0.659     0.753
429     43     -1000     -1000     0.7     0.8     0.753     0.861
430     44     -1000     -1000     0.7     0.8     0.861     0.984
431     45     -1000     -1000     0.7     0.8     0.984     1.285
432     46     -1000     -1000     0.7     0.8     1.285     2.506
433     47     -1000     -1000     0.8     0.9     0.106     0.226
434     48     -1000     -1000     0.8     0.9     0.226     0.296
435     49     -1000     -1000     0.8     0.9     0.296     0.386
436     50     -1000     -1000     0.8     0.9     0.386     0.505
437     51     -1000     -1000     0.8     0.9     0.505     0.577
438     52     -1000     -1000     0.8     0.9     0.577     0.659
439     53     -1000     -1000     0.8     0.9     0.659     0.753
440     54     -1000     -1000     0.8     0.9     0.753     0.861
441     55     -1000     -1000     0.8     0.9     0.861     0.984
442     56     -1000     -1000     0.8     0.9     0.984     1.285
443     57     -1000     -1000     0.8     0.9     1.285     2.506
444     58     -1000     -1000     0.9     1     0.106     0.226
445     59     -1000     -1000     0.9     1     0.226     0.296
446     60     -1000     -1000     0.9     1     0.296     0.386
447     61     -1000     -1000     0.9     1     0.386     0.505
448     62     -1000     -1000     0.9     1     0.505     0.577
449     63     -1000     -1000     0.9     1     0.577     0.659
450     64     -1000     -1000     0.9     1     0.659     0.753
451     65     -1000     -1000     0.9     1     0.753     0.861
452     66     -1000     -1000     0.9     1     0.861     0.984
453     67     -1000     -1000     0.9     1     0.984     1.285
454     68     -1000     -1000     0.9     1     1.285     2.506
455     0     0     0.3     -1     -0.5     0.106     0.226
456     1     0     0.3     -1     -0.5     0.226     0.296
457     2     0     0.3     -1     -0.5     0.296     0.386
458     3     0     0.3     -1     -0.5     0.386     2.506
459     4     0     0.3     -0.5     0     0.106     0.226
460     5     0     0.3     -0.5     0     0.226     0.296
461     6     0     0.3     -0.5     0     0.296     0.386
462     7     0     0.3     -0.5     0     0.386     0.505
463     8     0     0.3     -0.5     0     0.505     2.506
464     9     0     0.3     0     0.3     0.106     0.226
465     10     0     0.3     0     0.3     0.226     0.296
466     11     0     0.3     0     0.3     0.296     0.386
467     12     0     0.3     0     0.3     0.386     0.505
468     13     0     0.3     0     0.3     0.505     0.577
469     14     0     0.3     0     0.3     0.577     2.506
470     15     0     0.3     0.3     0.5     0.106     0.226
471     16     0     0.3     0.3     0.5     0.226     0.296
472     17     0     0.3     0.3     0.5     0.296     0.386
473     18     0     0.3     0.3     0.5     0.386     0.505
474     19     0     0.3     0.3     0.5     0.505     0.577
475     20     0     0.3     0.3     0.5     0.577     0.659
476     21     0     0.3     0.3     0.5     0.659     0.753
477     22     0     0.3     0.3     0.5     0.753     2.506
478     23     0     0.3     0.5     0.7     0.106     0.226
479     24     0     0.3     0.5     0.7     0.226     0.296
480     25     0     0.3     0.5     0.7     0.296     0.386
481     26     0     0.3     0.5     0.7     0.386     0.505
482     27     0     0.3     0.5     0.7     0.505     0.577
483     28     0     0.3     0.5     0.7     0.577     0.659
484     29     0     0.3     0.5     0.7     0.659     0.753
485     30     0     0.3     0.5     0.7     0.753     0.861
486     31     0     0.3     0.5     0.7     0.861     0.984
487     32     0     0.3     0.5     0.7     0.984     2.506
488     33     0     0.3     0.7     0.8     0.106     0.226
489     34     0     0.3     0.7     0.8     0.226     0.296
490     35     0     0.3     0.7     0.8     0.296     0.386
491     36     0     0.3     0.7     0.8     0.386     0.505
492     37     0     0.3     0.7     0.8     0.505     0.577
493     38     0     0.3     0.7     0.8     0.577     0.659
494     39     0     0.3     0.7     0.8     0.659     0.753
495     40     0     0.3     0.7     0.8     0.753     0.861
496     41     0     0.3     0.7     0.8     0.861     0.984
497     42     0     0.3     0.7     0.8     0.984     2.506
498     43     0     0.3     0.8     0.9     0.106     0.226
499     44     0     0.3     0.8     0.9     0.226     0.296
500     45     0     0.3     0.8     0.9     0.296     0.386
501     46     0     0.3     0.8     0.9     0.386     0.505
502     47     0     0.3     0.8     0.9     0.505     0.577
503     48     0     0.3     0.8     0.9     0.577     0.659
504     49     0     0.3     0.8     0.9     0.659     0.753
505     50     0     0.3     0.8     0.9     0.753     0.861
506     51     0     0.3     0.8     0.9     0.861     0.984
507     52     0     0.3     0.8     0.9     0.984     1.285
508     53     0     0.3     0.8     0.9     1.285     2.506
509     54     0     0.3     0.9     1     0.106     0.296
510     55     0     0.3     0.9     1     0.296     0.386
511     56     0     0.3     0.9     1     0.386     0.505
512     57     0     0.3     0.9     1     0.505     0.577
513     58     0     0.3     0.9     1     0.577     0.659
514     59     0     0.3     0.9     1     0.659     0.753
515     60     0     0.3     0.9     1     0.753     0.861
516     61     0     0.3     0.9     1     0.861     0.984
517     62     0     0.3     0.9     1     0.984     1.285
518     63     0     0.3     0.9     1     1.285     2.506
519     64     0.3     0.45     -1     -0.5     0.106     0.226
520     65     0.3     0.45     -1     -0.5     0.226     0.296
521     66     0.3     0.45     -1     -0.5     0.296     2.506
522     67     0.3     0.45     -0.5     0     0.106     0.226
523     68     0.3     0.45     -0.5     0     0.226     0.296
524     69     0.3     0.45     -0.5     0     0.296     0.386
525     70     0.3     0.45     -0.5     0     0.386     0.505
526     71     0.3     0.45     -0.5     0     0.505     2.506
527     72     0.3     0.45     0     0.3     0.106     0.226
528     73     0.3     0.45     0     0.3     0.226     0.296
529     74     0.3     0.45     0     0.3     0.296     0.386
530     75     0.3     0.45     0     0.3     0.386     0.505
531     76     0.3     0.45     0     0.3     0.505     0.577
532     77     0.3     0.45     0     0.3     0.577     2.506
533     78     0.3     0.45     0.3     0.5     0.106     0.226
534     79     0.3     0.45     0.3     0.5     0.226     0.296
535     80     0.3     0.45     0.3     0.5     0.296     0.386
536     81     0.3     0.45     0.3     0.5     0.386     0.505
537     82     0.3     0.45     0.3     0.5     0.505     0.577
538     83     0.3     0.45     0.3     0.5     0.577     0.659
539     84     0.3     0.45     0.3     0.5     0.659     0.753
540     85     0.3     0.45     0.3     0.5     0.753     2.506
541     86     0.3     0.45     0.5     0.7     0.106     0.226
542     87     0.3     0.45     0.5     0.7     0.226     0.296
543     88     0.3     0.45     0.5     0.7     0.296     0.386
544     89     0.3     0.45     0.5     0.7     0.386     0.505
545     90     0.3     0.45     0.5     0.7     0.505     0.577
546     91     0.3     0.45     0.5     0.7     0.577     0.659
547     92     0.3     0.45     0.5     0.7     0.659     0.753
548     93     0.3     0.45     0.5     0.7     0.753     0.861
549     94     0.3     0.45     0.5     0.7     0.861     0.984
550     95     0.3     0.45     0.5     0.7     0.984     2.506
551     96     0.3     0.45     0.7     0.8     0.106     0.296
552     97     0.3     0.45     0.7     0.8     0.296     0.386
553     98     0.3     0.45     0.7     0.8     0.386     0.505
554     99     0.3     0.45     0.7     0.8     0.505     0.577
555     100     0.3     0.45     0.7     0.8     0.577     0.659
556     101     0.3     0.45     0.7     0.8     0.659     0.753
557     102     0.3     0.45     0.7     0.8     0.753     0.861
558     103     0.3     0.45     0.7     0.8     0.861     0.984
559     104     0.3     0.45     0.7     0.8     0.984     2.506
560     105     0.3     0.45     0.8     0.9     0.106     0.296
561     106     0.3     0.45     0.8     0.9     0.296     0.386
562     107     0.3     0.45     0.8     0.9     0.386     0.505
563     108     0.3     0.45     0.8     0.9     0.505     0.577
564     109     0.3     0.45     0.8     0.9     0.577     0.659
565     110     0.3     0.45     0.8     0.9     0.659     0.753
566     111     0.3     0.45     0.8     0.9     0.753     0.861
567     112     0.3     0.45     0.8     0.9     0.861     0.984
568     113     0.3     0.45     0.8     0.9     0.984     1.285
569     114     0.3     0.45     0.8     0.9     1.285     2.506
570     115     0.3     0.45     0.9     1     0.106     0.296
571     116     0.3     0.45     0.9     1     0.296     0.386
572     117     0.3     0.45     0.9     1     0.386     0.505
573     118     0.3     0.45     0.9     1     0.505     0.577
574     119     0.3     0.45     0.9     1     0.577     0.659
575     120     0.3     0.45     0.9     1     0.659     0.753
576     121     0.3     0.45     0.9     1     0.753     0.861
577     122     0.3     0.45     0.9     1     0.861     0.984
578     123     0.3     0.45     0.9     1     0.984     1.285
579     124     0.3     0.45     0.9     1     1.285     2.506
580     125     0.45     0.65     -1     -0.5     0.106     0.226
581     126     0.45     0.65     -1     -0.5     0.226     0.296
582     127     0.45     0.65     -1     -0.5     0.296     0.386
583     128     0.45     0.65     -1     -0.5     0.386     2.506
584     129     0.45     0.65     -0.5     0     0.106     0.226
585     130     0.45     0.65     -0.5     0     0.226     0.296
586     131     0.45     0.65     -0.5     0     0.296     0.386
587     132     0.45     0.65     -0.5     0     0.386     0.505
588     133     0.45     0.65     -0.5     0     0.505     2.506
589     134     0.45     0.65     0     0.3     0.106     0.226
590     135     0.45     0.65     0     0.3     0.226     0.296
591     136     0.45     0.65     0     0.3     0.296     0.386
592     137     0.45     0.65     0     0.3     0.386     0.505
593     138     0.45     0.65     0     0.3     0.505     0.577
594     139     0.45     0.65     0     0.3     0.577     2.506
595     140     0.45     0.65     0.3     0.5     0.106     0.226
596     141     0.45     0.65     0.3     0.5     0.226     0.296
597     142     0.45     0.65     0.3     0.5     0.296     0.386
598     143     0.45     0.65     0.3     0.5     0.386     0.505
599     144     0.45     0.65     0.3     0.5     0.505     0.577
600     145     0.45     0.65     0.3     0.5     0.577     0.659
601     146     0.45     0.65     0.3     0.5     0.659     0.753
602     147     0.45     0.65     0.3     0.5     0.753     2.506
603     148     0.45     0.65     0.5     0.7     0.106     0.226
604     149     0.45     0.65     0.5     0.7     0.226     0.296
605     150     0.45     0.65     0.5     0.7     0.296     0.386
606     151     0.45     0.65     0.5     0.7     0.386     0.505
607     152     0.45     0.65     0.5     0.7     0.505     0.577
608     153     0.45     0.65     0.5     0.7     0.577     0.659
609     154     0.45     0.65     0.5     0.7     0.659     0.753
610     155     0.45     0.65     0.5     0.7     0.753     0.861
611     156     0.45     0.65     0.5     0.7     0.861     0.984
612     157     0.45     0.65     0.5     0.7     0.984     2.506
613     158     0.45     0.65     0.7     0.8     0.106     0.296
614     159     0.45     0.65     0.7     0.8     0.296     0.386
615     160     0.45     0.65     0.7     0.8     0.386     0.505
616     161     0.45     0.65     0.7     0.8     0.505     0.577
617     162     0.45     0.65     0.7     0.8     0.577     0.659
618     163     0.45     0.65     0.7     0.8     0.659     0.753
619     164     0.45     0.65     0.7     0.8     0.753     0.861
620     165     0.45     0.65     0.7     0.8     0.861     0.984
621     166     0.45     0.65     0.7     0.8     0.984     2.506
622     167     0.45     0.65     0.8     0.9     0.106     0.296
623     168     0.45     0.65     0.8     0.9     0.296     0.386
624     169     0.45     0.65     0.8     0.9     0.386     0.505
625     170     0.45     0.65     0.8     0.9     0.505     0.577
626     171     0.45     0.65     0.8     0.9     0.577     0.659
627     172     0.45     0.65     0.8     0.9     0.659     0.753
628     173     0.45     0.65     0.8     0.9     0.753     0.861
629     174     0.45     0.65     0.8     0.9     0.861     0.984
630     175     0.45     0.65     0.8     0.9     0.984     1.285
631     176     0.45     0.65     0.8     0.9     1.285     2.506
632     177     0.45     0.65     0.9     1     0.106     0.386
633     178     0.45     0.65     0.9     1     0.386     0.505
634     179     0.45     0.65     0.9     1     0.505     0.577
635     180     0.45     0.65     0.9     1     0.577     0.659
636     181     0.45     0.65     0.9     1     0.659     0.753
637     182     0.45     0.65     0.9     1     0.753     0.861
638     183     0.45     0.65     0.9     1     0.861     0.984
639     184     0.45     0.65     0.9     1     0.984     1.285
640     185     0.45     0.65     0.9     1     1.285     2.506
641     186     0.65     2.5     -1     -0.5     0.106     0.226
642     187     0.65     2.5     -1     -0.5     0.226     0.296
643     188     0.65     2.5     -1     -0.5     0.296     0.386
644     189     0.65     2.5     -1     -0.5     0.386     2.506
645     190     0.65     2.5     -0.5     0     0.106     0.226
646     191     0.65     2.5     -0.5     0     0.226     0.296
647     192     0.65     2.5     -0.5     0     0.296     0.386
648     193     0.65     2.5     -0.5     0     0.386     0.505
649     194     0.65     2.5     -0.5     0     0.505     2.506
650     195     0.65     2.5     0     0.3     0.106     0.226
651     196     0.65     2.5     0     0.3     0.226     0.296
652     197     0.65     2.5     0     0.3     0.296     0.386
653     198     0.65     2.5     0     0.3     0.386     0.505
654     199     0.65     2.5     0     0.3     0.505     0.577
655     200     0.65     2.5     0     0.3     0.577     0.659
656     201     0.65     2.5     0     0.3     0.659     2.506
657     202     0.65     2.5     0.3     0.5     0.106     0.226
658     203     0.65     2.5     0.3     0.5     0.226     0.296
659     204     0.65     2.5     0.3     0.5     0.296     0.386
660     205     0.65     2.5     0.3     0.5     0.386     0.505
661     206     0.65     2.5     0.3     0.5     0.505     0.577
662     207     0.65     2.5     0.3     0.5     0.577     0.659
663     208     0.65     2.5     0.3     0.5     0.659     0.753
664     209     0.65     2.5     0.3     0.5     0.753     2.506
665     210     0.65     2.5     0.5     0.7     0.106     0.226
666     211     0.65     2.5     0.5     0.7     0.226     0.296
667     212     0.65     2.5     0.5     0.7     0.296     0.386
668     213     0.65     2.5     0.5     0.7     0.386     0.505
669     214     0.65     2.5     0.5     0.7     0.505     0.577
670     215     0.65     2.5     0.5     0.7     0.577     0.659
671     216     0.65     2.5     0.5     0.7     0.659     0.753
672     217     0.65     2.5     0.5     0.7     0.753     0.861
673     218     0.65     2.5     0.5     0.7     0.861     0.984
674     219     0.65     2.5     0.5     0.7     0.984     2.506
675     220     0.65     2.5     0.7     0.8     0.106     0.296
676     221     0.65     2.5     0.7     0.8     0.296     0.386
677     222     0.65     2.5     0.7     0.8     0.386     0.505
678     223     0.65     2.5     0.7     0.8     0.505     0.577
679     224     0.65     2.5     0.7     0.8     0.577     0.659
680     225     0.65     2.5     0.7     0.8     0.659     0.753
681     226     0.65     2.5     0.7     0.8     0.753     0.861
682     227     0.65     2.5     0.7     0.8     0.861     0.984
683     228     0.65     2.5     0.7     0.8     0.984     1.285
684     229     0.65     2.5     0.7     0.8     1.285     2.506
685     230     0.65     2.5     0.8     0.9     0.106     0.296
686     231     0.65     2.5     0.8     0.9     0.296     0.386
687     232     0.65     2.5     0.8     0.9     0.386     0.505
688     233     0.65     2.5     0.8     0.9     0.505     0.577
689     234     0.65     2.5     0.8     0.9     0.577     0.659
690     235     0.65     2.5     0.8     0.9     0.659     0.753
691     236     0.65     2.5     0.8     0.9     0.753     0.861
692     237     0.65     2.5     0.8     0.9     0.861     0.984
693     238     0.65     2.5     0.8     0.9     0.984     1.285
694     239     0.65     2.5     0.8     0.9     1.285     2.506
695     240     0.65     2.5     0.9     1     0.106     0.386
696     241     0.65     2.5     0.9     1     0.386     0.505
697     242     0.65     2.5     0.9     1     0.505     0.577
698     243     0.65     2.5     0.9     1     0.577     0.659
699     244     0.65     2.5     0.9     1     0.659     0.753
700     245     0.65     2.5     0.9     1     0.753     0.861
701     246     0.65     2.5     0.9     1     0.861     0.984
702     247     0.65     2.5     0.9     1     0.984     1.285
703     248     0.65     2.5     0.9     1     1.285     2.506
