1 0
1.04 9.560871650061287
1.08 21.673468662866085
1.12 37.87109950805407
1.16 49.98582769460281
1.20 64.14094162359922
1.24 69.95719892730924
1.28 60.11273909105441
1.32 62.693590494965115
1.36 61.1908288489886
1.40 52.1974177278136
1.44 49.16347878594138
1.48 48.33942493828477
1.52 33.902143605590794
1.56 35.971655389205615
1.60 31.233487843429785
1.64 25.135773527270153
1.68 18.184879322286747
1.72 17.02253716234216
1.76 13.816257303710003
1.80 13.816257303710003
1.84 8.764665139325515
1.88 7.773243113644838
1.92 3.8861242829488276
1.96 5.447848402507674
2.00 3.6032464880032506
2.04 1.9281439252668093
2.08 6.2132239330811245
2.12 0
2.16 4.567957802759864
