1 0
1.02 0
1.04 0
1.06 0
1.08 0
1.10 3.1853281853281885
1.12 11.583011583011597
1.14 22.007722007722037
1.16 47.4903474903475
1.18 74.13127413127414
1.20 110.61776061776064
1.22 122.7799227799228
1.24 86.8725868725869
1.26 58.49420849420851
1.28 48.06949806949808
1.30 28.95752895752898
1.32 23.74517374517373
1.34 14.478764478764475
1.36 9.266409266409255
1.38 8.976833976833973
1.4 8.108108108108127
1.42 2.3166023166023137
1.44 2.3166023166023137
1.46 0
1.48 0.2895752895752821
1.50 2.8957528957529064
1.52 1.7374517374517495
1.54 1
1.56 0
1.58 0
1.60 0
