0.2 0
0.22 0
0.24 10.569829934476914
0.26 12.664254688108024
0.28 17.775475647079844
0.30 28.106982467580266
0.32 34.146885287281364
0.34 22.43781617778525
0.36 45.41338437753073
0.38 25.352488930490843
0.40 34.87132024274039
0.42 30.1220012410471
0.44 48.45794638255802
0.46 34.312743871015236
0.48 42.323492601045416
0.50 26.90222021224009
0.52 25.284441686561983
0.54 31.09233180130625
0.56 25.183580315730794
0.58 21.825075461974528
0.60 19.975915272241565
0.62 26.015187051040684
0.64 23.934014156350898
0.66 20.113377015386874
0.68 22.789095613213995
0.70 20.12725991523017
0.72 17.93071170896394
0.74 17.93071170896394
0.76 17.93071170896394
0.78 14.934739853388159
0.80 8.909982015334293
0.82 6.94544651402488
0.84 10.08392843996171
0.86 10.08392843996171
0.88 13.807490455506361
0.90 8.944058224040553
0.92 8.944058224040553
0.94 6.869826779272415
0.96 3.9772404581356966
0.98 5.955658859288391
1.00 3.87511700550057
1.02 2.7226259715400403
1.04 3.656987200387036
1.06 1.8071959697521152
1.08 4.830302584112488
1.10 1.8210788695953966
1.12 1.8210788695953966
1.14 0.3281412690232628
1.16 0.683732817282106
1.18 3.7049463089365844
1.20 1.6244044551487633
1.22 0.12389436375300988
1.24 0.12389436375300988
1.26 0.12389436375300988
1.28 2.58022107466266
1.30 0.3836728683964168
1.32 2.8261166794627712
1.34 0.9775875306317658
1.36 0.9775875306317658
1.38 0.9775875306317658
1.40 0.9775875306317658
1.42 0.9775875306317658
1.44 0
1.48 0
1.50 0
