1.24  3.58  3.30  2.18  1.49  0.72
0.82  3.43  3.55  2.41  1.29  0.56
0.40  2.92  3.78  3.03  1.87  0.66
-1.00  2.10  3.91  3.74  2.51  0.87
-1.00  1.20  3.88  4.27  3.16  1.21
-1.00  0.64  3.33  4.71  3.67  1.60
-1.00  0.35  2.27  4.73  4.21  2.07
-1.00  -1.00  1.46  4.50  4.64  2.57
-1.00  -1.00  1.01  3.24  4.84  3.24
-1.00  -1.00  0.41  1.96  3.77  3.71
-1.00  -1.00  0.22  0.95  2.45  3.62
-1.00  -1.00  0.13  0.57  1.47  2.99
-1.00  -1.00  -1.00  0.32  0.92  2.11
-1.00  -1.00  -1.00  0.07  0.36  1.19
-1.00  -1.00  -1.00  -1.00  0.04  0.48
-1.00  -1.00  -1.00  -1.00  -1.00  0.08
