1.00 0.32 0.26 0.20 0.06 -0.02 -0.18 -0.37 -0.21 -0.16 -0.19 -0.19 -0.13
1.00 0.17 0.13 0.06 0.01 -0.12 -0.24 -0.15 -0.10 -0.16 -0.16 -0.11
1.00 0.21 0.18 0.13 -0.06 -0.26 -0.21 -0.19 -0.22 -0.20 -0.14
1.00 0.23 0.14 -0.002 -0.20 -0.24 -0.22 -0.17 -0.15 -0.14
1.00 0.33 0.15 -0.15 -0.29 -0.27 -0.25 -0.22 -0.13
1.00 0.16 -0.08 -0.20 -0.21 -0.21 -0.18 -0.10
1.00 0.12 -0.07 -0.05 -0.05 -0.06 -0.03
1.00 0.12 0.15 0.20 0.15 0.12
1.00 0.22 0.20 0.20 0.13
1.00 0.21 0.19 0.12
1.00 0.28 0.16
1.00 0.19
1.00
