dpTT bin edges (MeV): -700 -300 -100 100 300 700
Best fit cross sections (Nucleon^{-1}cm^{2}(MeV/c)^{-1}): 3.23935e-44 7.75956e-44 4.1688e-43 6.88565e-44 2.99973e-44
Cross-section covariance matrix(Nucleon^{-2}cm^{4}(MeV/c)^{-2}):
2.05641e-88 -2.89315e-90 2.99082e-88 7.62505e-89 4.53107e-89
-2.89315e-90 1.41872e-87 3.06741e-88 2.32161e-88 5.20707e-89
2.99082e-88 3.06741e-88 6.30918e-87 9.27811e-89 2.98112e-88
7.62505e-89 2.32161e-88 9.27811e-89 1.34319e-87 1.62104e-89
4.53107e-89 5.20707e-89 2.98112e-88 1.62104e-89 2.19258e-88
Cross-section shape covariance matrix:
0.00168446 -0.00060226 -0.000944507 -0.000142389 5.69162e-06
-0.00060226 0.00299152 -0.00203901 -1.35745e-05 -0.000335678
-0.000944507 -0.00203901 0.00632699 -0.00229294 -0.00104953
-0.000142389 -1.35745e-05 -0.00229294 0.00289321 -0.000443302
5.69162e-06 -0.000335678 -0.00104953 -0.000443302 0.00182382

Best fit flux histogram
Neutrino energy bin edges (GeV): 0 0.1 0.2 0.3 0.4 0.5 0.6 0.7 0.8 0.9 1 1.1 1.2 1.3 1.4 1.5 1.6 1.7 1.8 1.9 2 2.1 2.2 2.3 2.4 2.6 2.8 3 3.2 3.4 3.6 3.8 4 4.5 5 6 7 8 9 10 11 12 13 14 15 16 17 18 19 20 21 22 23 24 25 26 27 28 29 30
Flux (1/cm^{2}/50MeV/10^{21}p.o.t.): 4.32498e+10 1.72498e+11 4.1782e+11 8.19059e+11 1.33236e+12 1.64785e+12 1.46734e+12 1.05685e+12 5.94989e+11 3.22969e+11 2.08957e+11 1.51514e+11 1.14807e+11 9.07365e+10 7.43997e+10 6.32381e+10 5.49269e+10 4.73431e+10 4.1373e+10 3.6752e+10 3.26394e+10 2.97083e+10 2.83132e+10 2.50586e+10 2.19519e+10 1.94326e+10 1.80936e+10 1.64728e+10 1.55746e+10 1.4908e+10 1.37854e+10 1.28423e+10 1.13147e+10 8.70773e+09 5.48827e+09 2.966e+09 1.78211e+09 1.08942e+09 6.47373e+08 3.97766e+08 2.20317e+08 1.38196e+08 7.52176e+07 4.68188e+07 2.13624e+07 1.46444e+07 9.83797e+06 3.41233e+06 1.68398e+06 414934 217130 0 8963.55 0 0 0 0 0 0

Flux covariance matrix
Neutrino energy bin edges (GeV): 0 0.4 0.5 0.6 0.7 1 1.5 2.5 3.5 5 7 30
Matrix elements:
0.00399809 0.00407675 0.0045777 0.00436737 0.0015919 0.00167967 0.00167921 0.001088 0.00138953 0.00202541 0.00205365
0.00407675 0.00671968 0.0071853 0.00687002 0.0013558 0.00115969 0.0010815 0.000871841 0.00169828 0.00222443 0.00232935
0.0045777 0.0071853 0.0101447 0.0103527 0.0014091 0.00129449 0.000942182 0.000281064 0.00138334 0.00233982 0.00209546
0.00436737 0.00687002 0.0103527 0.0138436 0.00130974 0.000999758 0.000669362 0.00112254 0.00208104 0.00179322 0.00128826
0.0015919 0.0013558 0.0014091 0.00130974 0.00972339 0.00478261 0.0041351 0.00356858 0.00231095 0.00242303 0.00195613
0.00167967 0.00115969 0.00129449 0.000999758 0.00478261 0.00497871 0.00410535 0.00268091 0.00191055 0.00177441 0.0020272
0.00167921 0.0010815 0.000942182 0.000669362 0.0041351 0.00410535 0.00450248 0.00294667 0.00221991 0.00139033 0.00180393
0.001088 0.000871841 0.000281064 0.00112254 0.00356858 0.00268091 0.00294667 0.00570301 0.0043586 0.000791493 0.000721591
0.00138953 0.00169828 0.00138334 0.00208104 0.00231095 0.00191055 0.00221991 0.0043586 0.00537739 0.00103281 0.000736547
0.00202541 0.00222443 0.00233982 0.00179322 0.00242303 0.00177441 0.00139033 0.000791493 0.00103281 0.00317338 0.00278042
0.00205365 0.00232935 0.00209546 0.00128826 0.00195613 0.0020272 0.00180393 0.000721591 0.000736547 0.00278042 0.00306057
