daT bin edges (deg): 0 60 120 180
Best fit cross sections (Nucleon^{-1}cm^{2}deg^{-1}): 7.77984e-43 7.34878e-43 8.18796e-43
Cross-section covariance matrix (Nucleon^{-2}cm^{4}deg^{-2}):
2.51148e-86 1.45016e-86 1.26919e-86
1.45016e-86 2.50636e-86 1.81899e-86
1.26919e-86 1.81899e-86 3.61188e-86
Cross-section shape covariance matrix:
0.00262622 -0.000744433 -0.00188079
-0.000744433 0.00154345 -0.000798013
-0.00188079 -0.000798013 0.0026798

Best fit flux histogram
Neutrino energy bin edges (GeV): 0 0.1 0.2 0.3 0.4 0.5 0.6 0.7 0.8 0.9 1 1.1 1.2 1.3 1.4 1.5 1.6 1.7 1.8 1.9 2 2.1 2.2 2.3 2.4 2.6 2.8 3 3.2 3.4 3.6 3.8 4 4.5 5 6 7 8 9 10 11 12 13 14 15 16 17 18 19 20 21 22 23 24 25 26 27 28 29 30
Flux (1/cm^{2}/50MeV/10^{21}p.o.t.): 4.31929e+10 1.72271e+11 4.1727e+11 8.17981e+11 1.33074e+12 1.64688e+12 1.4676e+12 1.05789e+12 5.95578e+11 3.23289e+11 2.08744e+11 1.51359e+11 1.1469e+11 9.06437e+10 7.43236e+10 6.29921e+10 5.47132e+10 4.7159e+10 4.1212e+10 3.66091e+10 3.25124e+10 2.95927e+10 2.8203e+10 2.49612e+10 2.17469e+10 1.9251e+10 1.79245e+10 1.63189e+10 1.54291e+10 1.46823e+10 1.35766e+10 1.26478e+10 1.11434e+10 8.57588e+09 5.34446e+09 2.88828e+09 1.72228e+09 1.05284e+09 6.25639e+08 3.84412e+08 2.1292e+08 1.33556e+08 7.26923e+07 4.5247e+07 2.06452e+07 1.41527e+07 9.50768e+06 3.29777e+06 1.62744e+06 401004 209841 0 8662.61 0 0 0 0 0 0

Flux covariance matrix
Neutrino energy bin edges (GeV): 0 0.4 0.5 0.6 0.7 1 1.5 2.5 3.5 5 7 30
Matrix elements:
0.00698579 0.00361325 0.00202649 0.00195664 0.00248031 0.00155655 0.00133133 0.00258448 0.00295165 -8.02838e-05 0.000335651
0.00361325 0.00374384 0.00255361 0.00243297 0.00253946 0.00286583 0.00120663 0.00151814 0.00198653 0.00141656 0.00159285
0.00202649 0.00255361 0.00399809 0.00407675 0.0045777 0.00436737 0.0015919 0.00167967 0.00167921 0.001088 0.00138953
0.00195664 0.00243297 0.00407675 0.00671968 0.0071853 0.00687002 0.0013558 0.00115969 0.0010815 0.000871841 0.00169828
0.00248031 0.00253946 0.0045777 0.0071853 0.0101447 0.0103527 0.0014091 0.00129449 0.000942182 0.000281064 0.00138334
0.00155655 0.00286583 0.00436737 0.00687002 0.0103527 0.0138436 0.00130974 0.000999758 0.000669362 0.00112254 0.00208104
0.00133133 0.00120663 0.0015919 0.0013558 0.0014091 0.00130974 0.00972339 0.00478261 0.0041351 0.00356858 0.00231095
0.00258448 0.00151814 0.00167967 0.00115969 0.00129449 0.000999758 0.00478261 0.00497871 0.00410535 0.00268091 0.00191055
0.00295165 0.00198653 0.00167921 0.0010815 0.000942182 0.000669362 0.0041351 0.00410535 0.00450248 0.00294667 0.00221991
-8.02838e-05 0.00141656 0.001088 0.000871841 0.000281064 0.00112254 0.00356858 0.00268091 0.00294667 0.00570301 0.0043586
0.000335651 0.00159285 0.00138953 0.00169828 0.00138334 0.00208104 0.00231095 0.00191055 0.00221991 0.0043586 0.00537739
