pN bin edges (MeV): 0 120 240 600 1500
Best fit cross sections (Nucleon^{-1}cm^{2}(MeV/c)^{-1}): 3.57422e-43 3.29035e-43 9.70798e-44 6.08949e-45
Cross-section covariance matrix (Nucleon^{-2}cm^{4}(MeV/c)^{-2}):
6.15822e-87 -1.36217e-87 4.07904e-88 3.4919e-89
-1.36217e-87 1.26014e-86 3.11855e-88 5.01091e-89
4.07904e-88 3.11855e-88 9.91557e-88 2.42863e-89
3.4919e-89 5.01091e-89 2.42863e-89 1.60775e-89
Cross-section shape covariance matrix:
0.0078553 -0.00534674 -0.00214128 -0.000366274
-0.00534674 0.00942097 -0.00369595 -0.000377282
-0.00214128 -0.00369595 0.0059742 -0.000135974
-0.000366274 -0.000377282 -0.000135974 0.00088053

Best fit flux histogram
Neutrino energy bin edges (GeV): 0 0.1 0.2 0.3 0.4 0.5 0.6 0.7 0.8 0.9 1 1.1 1.2 1.3 1.4 1.5 1.6 1.7 1.8 1.9 2 2.1 2.2 2.3 2.4 2.6 2.8 3 3.2 3.4 3.6 3.8 4 4.5 5 6 7 8 9 10 11 12 13 14 15 16 17 18 19 20 21 22 23 24 25 26 27 28 29 30
Flux (1/cm^{2}/50MeV/10^{21}p.o.t.): 4.35948e+10 1.73874e+11 4.21153e+11 8.25593e+11 1.34165e+12 1.65849e+12 1.47588e+12 1.06504e+12 5.99603e+11 3.25474e+11 2.10799e+11 1.52849e+11 1.15819e+11 9.15361e+10 7.50554e+10 6.39048e+10 5.5506e+10 4.78423e+10 4.18092e+10 3.71395e+10 3.29835e+10 3.00215e+10 2.86117e+10 2.53228e+10 2.24007e+10 1.98298e+10 1.84634e+10 1.68095e+10 1.5893e+10 1.54219e+10 1.42605e+10 1.3285e+10 1.17047e+10 9.00789e+09 5.72485e+09 3.09385e+09 1.86054e+09 1.13736e+09 6.75863e+08 4.15271e+08 2.30013e+08 1.44277e+08 7.85278e+07 4.88792e+07 2.23025e+07 1.52889e+07 1.02709e+07 3.5625e+06 1.75809e+06 433195 226686 0 9358.02 0 0 0 0 0 0

Flux covariance matrix
Neutrino energy bin edges (GeV): 0 0.4 0.5 0.6 0.7 1 1.5 2.5 3.5 5 7 30
Matrix elements:
0.00374384 0.00255361 0.00243297 0.00253946 0.00286583 0.00120663 0.00151814 0.00198653 0.00141656 0.00159285 0.00163551
0.00255361 0.00399809 0.00407675 0.0045777 0.00436737 0.0015919 0.00167967 0.00167921 0.001088 0.00138953 0.00202541
0.00243297 0.00407675 0.00671968 0.0071853 0.00687002 0.0013558 0.00115969 0.0010815 0.000871841 0.00169828 0.00222443
0.00253946 0.0045777 0.0071853 0.0101447 0.0103527 0.0014091 0.00129449 0.000942182 0.000281064 0.00138334 0.00233982
0.00286583 0.00436737 0.00687002 0.0103527 0.0138436 0.00130974 0.000999758 0.000669362 0.00112254 0.00208104 0.00179322
0.00120663 0.0015919 0.0013558 0.0014091 0.00130974 0.00972339 0.00478261 0.0041351 0.00356858 0.00231095 0.00242303
0.00151814 0.00167967 0.00115969 0.00129449 0.000999758 0.00478261 0.00497871 0.00410535 0.00268091 0.00191055 0.00177441
0.00198653 0.00167921 0.0010815 0.000942182 0.000669362 0.0041351 0.00410535 0.00450248 0.00294667 0.00221991 0.00139033
0.00141656 0.001088 0.000871841 0.000281064 0.00112254 0.00356858 0.00268091 0.00294667 0.00570301 0.0043586 0.000791493
0.00159285 0.00138953 0.00169828 0.00138334 0.00208104 0.00231095 0.00191055 0.00221991 0.0043586 0.00537739 0.00103281
0.00163551 0.00202541 0.00222443 0.00233982 0.00179322 0.00242303 0.00177441 0.00139033 0.000791493 0.00103281 0.00317338
