1.00 0
1.05 5.2226268322379354
1.10 38.085751938459666
1.15 80.39334780270758
1.20 101.34682198490468
1.25 85.74887370130867
1.30 73.02622597299113
1.35 57.84062699383427
1.40 59.080461051100684
1.45 41.01733260150621
1.50 54.988730047726655
1.55 24.60805919998664
1.60 20.09784937548585
1.65 27.91019700823864
1.70 17.239822912690613
1.75 19.712804281746045
1.80 19.712804281746045
1.85 9.8721438541844
1.90 21.173022325371477
1.95 12.763604044366573
2.00 6.200006129516709
2.05 7.235615835327778
2.10 4.368673711896022
2.15 4.993605799637265
2.20 6.233439856903658
2.25 5.215661472365653
2.30 2.3476048913543366
2.35 3.7938922152352177
2.40 0.5168297025234523
2.45 1.756663759789845
2.50 5.460563525475138
2.55 3.622544362377056
2.60 0.9603838191904401
2.65 1.7895402583870208
2.70 0.15463098916471552
2.75 1.3955795040106835
2.80 0
2.85 1.8235312145637579
2.90 0
2.95 1.4290132313976471
3.00 0
