0 0
0.05 0
0.10 0
0.15 0
0.20 0
0.25 21.876805757734743
0.30 29.02128854438378
0.35 26.32057695576033
0.40 41.54014970701466
0.45 38.60911395024054
0.50 43.36766890069535
0.55 59.66504348597145
0.60 52.27427566485138
0.65 56.95546474939225
0.70 45.71458128588425
0.75 39.62972267994769
0.80 34.62089247844176
0.85 31.53556834723753
0.90 33.14118716332549
0.95 37.899298756382514
1.00 24.27736438805597
1.05 24.27736438805597
1.10 17.797696019389505
1.15 16.942237920358245
1.20 11.932521004056738
1.25 13.848046641198259
1.30 18.33453794527619
1.35 7.7872999483737715
1.40 5.237480640165195
1.45 8.841507485802786
1.50 8.841507485802786
1.55 8.841507485802786
1.60 8.841507485802786
1.65 3.7207021166752483
1.70 4.865771812080531
1.75 2.084150748580285
1.80 2.084150748580285
1.85 5.447599380485286
1.90 1.8213732576148587
1.95 1.8213732576148587
2.00 4.492514197212159
2.05 2.3278265358802273
2.10 1.47237996902426
2.15 0
2.20 3.0665978316984948
2.25 0
2.30 5.6608156943727295
2.35 3.1115126484253963
2.40 2.562725864739285
2.45 2.009808982963328
2.50 0
