1.00 0
1.05 24.302197673602166
1.10 49.37182577761135
1.15 57.80373066211061
1.20 59.507103236829174
1.25 50.515599035738525
1.30 41.52339270250661
1.35 48.305989187165025
1.40 41.03119807147705
1.45 46.82378823694619
1.50 45.486226507828775
1.55 33.19470124277389
1.60 38.91918459053994
1.65 30.915580312214757
1.70 35.586865448077326
1.75 25.6713553490767
1.80 21.629180611791135
1.85 25.641163667002132
1.90 23.44629859339527
1.95 16.36950874154516
2.00 12.853230978070066
2.05 12.108970908324949
2.10 6.088889929084651
2.15 9.373464085940967
2.20 7.444707093875067
2.25 11.653287148641368
2.30 6.289699721487587
2.35 4.622838018115004
2.40 5.3333957450792155
2.45 3.4088515458609265
2.50 4.511901139794503
2.55 3.1729351463945505
2.60 2.2341844735179137
2.65 2.2341844735179137
2.70 1.1486881831160503
2.75 1.1486881831160503
2.80 0.5224822593257556
2.85 3.2177175374216205
2.90 0.8155292036538597
2.95 1.4572100501688396
3.00 0
