1.00 0
1.05 7.54271628670304
1.10 18.375726785763945
1.15 39.31582018703142
1.20 67.09084638155907
1.25 82.97707141094108
1.30 80.58728049312734
1.35 89.64314962019981
1.40 87.25270486082167
1.45 108.78844792724054
1.50 104.4657378847245
1.55 106.3881955443967
1.60 84.67836716446127
1.65 78.57393885600612
1.70 73.51091670221936
1.75 68.44527918217503
1.80 58.776760509277224
1.85 52.67298604538644
1.90 40.3253515624322
1.95 44.92104045808145
2.00 37.33141103913408
2.05 33.1579403336881
2.10 19.029241429363083
2.15 14.413283445222007
2.20 22.423823371239862
2.25 22.423823371239862
2.30 17.943374051316823
2.35 16.148578957090066
2.40 13.90671969321761
2.45 6.317744115834657
2.50 12.69580511598339
2.55 14.465100389199264
2.60 5.241684361254073
2.65 7.0109796344699475
2.70 5.512047848125761
2.75 5.512047848125761
2.80 4.894821411349781
2.85 4.894821411349781
2.90 3.5340136554811465
2.95 3.5340136554811465
3.00 0
