0 0
0.05 0
0.10 0
0.15 0
0.20 0
0.25 26.98939274453741
0.30 58.469136455153006
0.35 98.09192758929083
0.40 92.09147821643032
0.45 119.27060616874391
0.50 104.8234155568185
0.55 100.82032575126772
0.60 93.13017568129186
0.65 106.32910834732117
0.70 102.63499909684867
0.75 97.248986341121
0.80 81.87925968024037
0.85 85.09712181088452
0.90 68.49808135411021
0.95 48.366030348821994
1.00 48.366030348821994
1.05 39.591364404676426
1.10 34.972956858736836
1.15 20.371716530900244
1.20 22.512992896678
1.25 18.663071683782448
1.30 14.1987138537541
1.35 14.1987138537541
1.40 15.716742369839722
1.45 6.182401325209355
1.50 6.182401325209355
1.55 12.615922778357884
1.60 6.461864251214081
1.65 4.4543717664612075
1.70 4.4543717664612075
1.75 2.9962711377863513
1.80 4.214229431941703
1.85 3.595291029933435
1.90 3.595291029933435
1.95 3.595291029933435
2.00 0
2.05 4.642184474693266
2.10 0
2.15 2.336616958267797
2.20 0
2.25 2.9359297696775855
2.30 1.401325752582892
2.35 1.401325752582892
2.40 0
2.45 0
2.50 0
