0 0
0.05 0
0.10 0
0.15 0
0.20 0
0.25 0
0.30 0
0.35 0
0.40 0
0.45 0
0.50 0
0.55 0
0.60 0
0.65 0
0.70 0
0.75 0
0.80 0
0.85 0
0.90 0
0.95 0
1.00 0
1.05 4.487848713509834
1.10 93.23386766396652
1.15 313.7212406337963
1.20 569.4176104452168
1.25 285.1290454731668
1.30 137.79122781514718
1.35 72.62227273327971
1.40 47.89549497165376
1.45 30.98280715201338
1.50 21.915925519683924
1.55 8.92415852836632
1.60 14.189055252342428
1.65 6.418575147678894
1.70 0
1.75 5.213357825322873
1.80 5.213357825322873
1.85 5.213357825322873
1.90 0
1.95 0
2.00 0
2.05 4.23015422024298
2.10 0
