1.534 1.993e+9
1.572 2.019e+9
1.610 2.028e+9
1.648 2.054e+9
1.685 2.063e+9
1.723 2.063e+9
1.761 2.063e+9
1.799 2.063e+9
1.837 2.062e+9
1.875 2.044e+9
1.912 2.026e+9
1.950 1.999e+9
1.988 1.964e+9
2.026 1.929e+9
2.063 1.895e+9
2.101 1.846e+9
2.138 1.797e+9
2.176 1.742e+9
2.214 1.689e+9
2.251 1.638e+9
2.289 1.588e+9
2.326 1.539e+9
2.364 1.486e+9
2.401 1.447e+9
2.439 1.397e+9
2.476 1.348e+9
2.514 1.307e+9
2.551 1.267e+9
2.589 1.223e+9
2.626 1.186e+9
2.664 1.160e+9
2.701 1.120e+9
2.739 1.081e+9
2.776 1.043e+9
2.814 1.011e+9
2.852 9.804e+8
2.889 9.463e+8
2.927 9.134e+8
2.964 8.855e+8
3.002 8.585e+8
3.039 8.360e+8
3.077 8.070e+8
3.114 7.824e+8
3.152 7.485e+8
3.189 7.225e+8
3.227 6.974e+8
3.264 6.732e+8
3.302 6.555e+8
3.339 6.327e+8
3.377 6.134e+8
3.414 5.921e+8
3.452 5.690e+8
3.489 5.517e+8
3.527 5.325e+8
3.564 5.162e+8
3.602 4.961e+8
3.639 4.831e+8
3.677 4.663e+8
3.714 4.541e+8
3.752 4.383e+8
3.789 4.193e+8
3.827 4.048e+8
3.864 3.907e+8
3.902 3.771e+8
3.939 3.656e+8
3.977 3.576e+8
4.015 3.452e+8
4.052 3.332e+8
4.090 3.216e+8
4.127 3.104e+8
4.165 2.996e+8
4.202 2.867e+8
4.240 2.779e+8
4.277 2.706e+8
4.315 2.635e+8
4.352 2.544e+8
4.390 2.466e+8
4.427 2.391e+8
4.465 2.318e+8
4.502 2.228e+8
4.540 2.141e+8
4.577 2.066e+8
4.615 2.030e+8
4.652 1.959e+8
4.690 1.891e+8
4.727 1.826e+8
4.765 1.770e+8
4.802 1.716e+8
4.840 1.656e+8
4.878 1.613e+8
4.915 1.557e+8
4.953 1.503e+8
4.990 1.450e+8
5.028 1.406e+8
5.065 1.363e+8
5.103 1.316e+8
5.140 1.270e+8
5.178 1.226e+8
5.215 1.173e+8
5.253 1.142e+8
5.290 1.103e+8
5.328 1.064e+8
5.365 1.027e+8
5.403 9.916e+7
5.440 9.571e+7
5.478 9.320e+7
5.515 8.956e+7
5.553 8.645e+7
5.590 8.381e+7
5.628 8.090e+7
5.665 7.774e+7
5.703 7.537e+7
5.740 7.275e+7
5.778 6.961e+7
5.815 6.719e+7
5.853 6.428e+7
5.890 6.260e+7
5.928 6.096e+7
5.965 5.884e+7
6.003 5.679e+7
6.040 5.482e+7
6.078 5.291e+7
6.115 5.107e+7
6.153 4.952e+7
6.190 4.822e+7
6.228 4.695e+7
6.265 4.552e+7
6.303 4.413e+7
6.341 4.279e+7
6.378 4.130e+7
6.416 4.004e+7
6.453 3.899e+7
6.491 3.814e+7
6.528 3.714e+7
6.566 3.616e+7
6.604 3.537e+7
6.641 3.444e+7
6.679 3.369e+7
6.716 3.281e+7
6.754 3.209e+7
6.792 3.138e+7
6.829 3.083e+7
6.867 3.042e+7
6.905 2.976e+7
6.942 2.923e+7
6.980 2.872e+7
7.018 2.821e+7
7.056 2.784e+7
7.093 2.735e+7
7.131 2.687e+7
7.169 2.651e+7
7.206 2.616e+7
7.244 2.570e+7
7.282 2.536e+7
7.319 2.492e+7
7.357 2.469e+7
7.395 2.426e+7
7.433 2.394e+7
7.470 2.383e+7
7.508 2.351e+7
7.546 2.331e+7
7.584 2.300e+7
7.621 2.289e+7
7.659 2.259e+7
7.697 2.219e+7
7.735 2.209e+7
7.772 2.180e+7
7.810 2.161e+7
7.848 2.141e+7
7.886 2.122e+7
7.924 2.103e+7
7.961 2.076e+7
7.999 2.066e+7
8.037 2.030e+7
8.074 2.003e+7
8.112 1.994e+7
8.150 1.959e+7
8.188 1.950e+7
8.226 1.924e+7
8.263 1.890e+7
8.301 1.882e+7
8.339 1.857e+7
8.376 1.832e+7
8.414 1.816e+7
8.452 1.800e+7
8.490 1.776e+7
8.528 1.760e+7
8.565 1.729e+7
8.603 1.721e+7
8.641 1.699e+7
8.678 1.676e+7
8.716 1.669e+7
8.754 1.646e+7
8.792 1.639e+7
8.830 1.617e+7
8.867 1.610e+7
8.905 1.589e+7
8.943 1.582e+7
8.981 1.561e+7
9.018 1.547e+7
9.056 1.533e+7
9.094 1.526e+7
9.132 1.506e+7
9.170 1.499e+7
9.207 1.479e+7
9.245 1.473e+7
9.283 1.453e+7
9.321 1.440e+7
9.358 1.427e+7
9.396 1.421e+7
9.434 1.396e+7
9.472 1.396e+7
9.509 1.377e+7
9.547 1.371e+7
9.585 1.353e+7
9.623 1.347e+7
9.661 1.341e+7
9.698 1.323e+7
9.736 1.317e+7
9.774 1.299e+7
9.812 1.299e+7
9.850 1.288e+7
9.887 1.282e+7
9.925 1.276e+7
9.963 1.265e+7
10.00 1.259e+7
10.04 1.253e+7
10.08 1.253e+7
10.11 1.242e+7
10.15 1.231e+7
10.19 1.231e+7
10.23 1.225e+7
10.27 1.209e+7
10.30 1.209e+7
10.34 1.204e+7
10.38 1.198e+7
10.42 1.193e+7
10.45 1.187e+7
10.49 1.187e+7
10.53 1.182e+7
10.57 1.177e+7
10.61 1.171e+7
10.64 1.166e+7
10.68 1.166e+7
10.72 1.161e+7
10.76 1.155e+7
10.80 1.150e+7
10.83 1.145e+7
10.87 1.145e+7
10.91 1.145e+7
10.95 1.140e+7
10.98 1.134e+7
11.02 1.129e+7
11.06 1.124e+7
11.10 1.124e+7
11.14 1.124e+7
11.17 1.109e+7
11.21 1.104e+7
11.25 1.104e+7
11.29 1.094e+7
11.32 1.094e+7
11.36 1.084e+7
11.40 1.079e+7
11.44 1.065e+7
11.48 1.065e+7
11.51 1.055e+7
11.55 1.046e+7
11.59 1.041e+7
11.63 1.028e+7
11.66 1.027e+7
11.70 1.009e+7
11.74 1.000e+7
11.78 9.915e+6
11.82 9.784e+6
11.85 9.654e+6
11.89 9.484e+6
11.93 9.400e+6
11.97 9.276e+6
12.00 9.193e+6
12.04 9.031e+6
12.08 8.912e+6
12.12 8.794e+6
12.16 8.716e+6
12.19 8.600e+6
12.23 8.449e+6
12.27 8.374e+6
12.31 8.263e+6
12.34 8.153e+6
12.38 8.045e+6
12.42 7.904e+6
12.46 7.765e+6
12.49 7.730e+6
12.53 7.594e+6
12.57 7.493e+6
12.61 7.329e+6
12.65 7.264e+6
12.68 7.136e+6
12.72 7.041e+6
12.76 6.918e+6
12.80 6.766e+6
12.83 6.676e+6
12.87 6.530e+6
12.91 6.444e+6
12.95 6.358e+6
12.98 6.246e+6
13.02 6.164e+6
13.06 6.082e+6
13.10 5.949e+6
13.14 5.870e+6
13.17 5.767e+6
13.21 5.715e+6
13.25 5.615e+6
13.29 5.540e+6
13.32 5.467e+6
13.36 5.395e+6
13.40 5.276e+6
13.44 5.184e+6
13.47 5.070e+6
13.51 5.003e+6
13.55 4.915e+6
13.59 4.871e+6
13.63 4.785e+6
13.66 4.701e+6
13.70 4.619e+6
13.74 4.557e+6
13.78 4.477e+6
13.81 4.398e+6
13.85 4.340e+6
13.89 4.283e+6
13.93 4.226e+6
13.97 4.133e+6
14.00 4.079e+6
14.04 4.007e+6
14.08 3.936e+6
14.12 3.884e+6
14.15 3.816e+6
14.19 3.749e+6
14.23 3.683e+6
14.27 3.618e+6
14.30 3.554e+6
14.34 3.507e+6
14.38 3.446e+6
14.42 3.400e+6
14.46 3.355e+6
14.49 3.296e+6
14.53 3.252e+6
14.57 3.209e+6
14.61 3.153e+6
14.64 3.097e+6
14.68 3.056e+6
14.72 3.002e+6
14.76 2.950e+6
14.79 2.898e+6
14.83 2.847e+6
14.87 2.821e+6
14.91 2.747e+6
14.94 2.735e+6
