Bin Boundaries

-1.00 -0.60 -0.30 0.00 0.20 0.40 0.60 0.80 0.90 1.00


Central Value Measurement [*10^{-39} cm^2] 

1.01 1.55 2.46 3.60 4.65 6.58 10.32 13.11 11.51 


Statistical Uncertainty [*10^{-39} cm^2]

0.08 0.11 0.13 0.18 0.19 0.23 0.28 0.47 0.46 


Systematic Uncertainty [*10^{-39} cm^2]

0.25 0.32 0.40 0.54 0.76 1.22 1.59 2.29 2.92


Systematic Uncertainty Correlation Matrix (V_ij/sqrt(V_ii*V_jj))

1.00 0.61 0.67 0.45 0.58 0.86 0.34 0.66 0.53  
0.61 1.00 0.84 0.63 0.87 0.77 0.70 0.84 0.71  
0.67 0.84 1.00 0.78 0.90 0.83 0.80 0.92 0.83  
0.45 0.63 0.78 1.00 0.76 0.64 0.90 0.80 0.87  
0.58 0.87 0.90 0.76 1.00 0.79 0.84 0.92 0.84  
0.86 0.77 0.83 0.64 0.79 1.00 0.60 0.87 0.76  
0.34 0.70 0.80 0.90 0.84 0.60 1.00 0.84 0.92  
0.66 0.84 0.92 0.80 0.92 0.87 0.84 1.00 0.92  
0.53 0.71 0.83 0.87 0.84 0.76 0.92 0.92 1.00
