1 0
1.02 0
1.04 0
1.06 0
1.08 4.834829378202567
1.10 6.840680306719484
1.12 8.846531235236402
1.14 13.68699349493041
1.16 11.79543554893339
1.18 13.801104771595744
1.20 26.082603481484178
1.22 14.978195297452487
1.24 23.83453864883527
1.26 10.95868008867246
1.28 8.948649925500604
1.30 9.773776211069524
1.32 6.110404477232258
1.34 8.94301704400916
1.36 2.917287495003091
1.38 3.978449685648876
1.40 3.978449685648876
1.42 0.9036232147399801
1.44 5.507867863502565
1.46 2.7893665733909963
1.48 3.7322382527165026
1.50 1.1318457680706508
1.52 2.0748991532507226
1.54 2.072718682995969
1.56 1.362248791656068
1.58 0
