MiniBooNE nubar mode flux
Based on december2007_horn-174ka_rgen610.6_flux.root
Elo: Lower bin edge in GeV
Ehi: Upper bin edge in GeV
numu flux    (numu/cm^2/proton-on-target/50 MeV)
numubar flux (numubar/cm^2/proton-on-target/50 MeV)
nue flux     (nue/cm^2/proton-on-target/50 MeV)
nuebar flux  (nuebar/cm^2/proton-on-target/50 MeV)
  Elo   Ehi       numu      numub        nue       nueb
 0.00  0.05  2.298e-12  2.157e-12  6.084e-15  1.233e-14
 0.05  0.10  5.903e-12  7.840e-12  1.847e-14  4.476e-14
 0.10  0.15  3.726e-12  9.731e-12  7.452e-14  6.802e-14
 0.15  0.20  2.338e-12  1.141e-11  5.308e-14  7.441e-14
 0.20  0.25  2.570e-12  1.319e-11  2.186e-14  7.213e-14
 0.25  0.30  1.797e-12  1.438e-11  2.268e-14  7.111e-14
 0.30  0.35  1.776e-12  1.477e-11  2.355e-14  6.777e-14
 0.35  0.40  1.855e-12  1.479e-11  2.347e-14  6.465e-14
 0.40  0.45  1.834e-12  1.500e-11  2.206e-14  6.019e-14
 0.45  0.50  1.770e-12  1.485e-11  2.200e-14  5.610e-14
 0.50  0.55  1.701e-12  1.447e-11  2.075e-14  5.148e-14
 0.55  0.60  1.618e-12  1.406e-11  2.044e-14  4.753e-14
 0.60  0.65  1.555e-12  1.345e-11  1.875e-14  4.336e-14
 0.65  0.70  1.493e-12  1.287e-11  1.785e-14  4.109e-14
 0.70  0.75  1.425e-12  1.221e-11  1.602e-14  3.785e-14
 0.75  0.80  1.357e-12  1.152e-11  1.481e-14  3.469e-14
 0.80  0.85  1.302e-12  1.075e-11  1.370e-14  3.208e-14
 0.85  0.90  1.236e-12  9.980e-12  1.336e-14  2.943e-14
 0.90  0.95  1.192e-12  9.177e-12  1.298e-14  2.751e-14
 0.95  1.00  1.141e-12  8.411e-12  1.198e-14  2.504e-14
 1.00  1.05  1.087e-12  7.658e-12  1.153e-14  2.296e-14
 1.05  1.10  1.044e-12  6.907e-12  1.082e-14  2.160e-14
 1.10  1.15  9.967e-13  6.180e-12  1.034e-14  1.991e-14
 1.15  1.20  9.435e-13  5.505e-12  9.538e-15  1.836e-14
 1.20  1.25  8.826e-13  4.877e-12  9.357e-15  1.672e-14
 1.25  1.30  8.320e-13  4.269e-12  8.763e-15  1.564e-14
 1.30  1.35  7.736e-13  3.686e-12  8.658e-15  1.487e-14
 1.35  1.40  7.180e-13  3.151e-12  8.090e-15  1.330e-14
 1.40  1.45  6.609e-13  2.678e-12  7.874e-15  1.234e-14
 1.45  1.50  6.053e-13  2.262e-12  7.406e-15  1.142e-14
 1.50  1.55  5.533e-13  1.898e-12  7.016e-15  1.025e-14
 1.55  1.60  5.058e-13  1.580e-12  6.930e-15  9.568e-15
 1.60  1.65  4.577e-13  1.311e-12  6.523e-15  8.916e-15
 1.65  1.70  4.134e-13  1.083e-12  6.167e-15  8.401e-15
 1.70  1.75  3.725e-13  8.917e-13  6.032e-15  7.801e-15
 1.75  1.80  3.336e-13  7.285e-13  5.630e-15  7.274e-15
 1.80  1.85  3.003e-13  5.941e-13  5.567e-15  6.691e-15
 1.85  1.90  2.663e-13  4.834e-13  5.377e-15  6.169e-15
 1.90  1.95  2.375e-13  3.937e-13  5.212e-15  5.576e-15
 1.95  2.00  2.126e-13  3.180e-13  4.735e-15  4.993e-15
 2.00  2.05  1.886e-13  2.577e-13  4.580e-15  5.028e-15
 2.05  2.10  1.669e-13  2.066e-13  4.426e-15  4.529e-15
 2.10  2.15  1.486e-13  1.665e-13  4.024e-15  4.146e-15
 2.15  2.20  1.310e-13  1.346e-13  3.765e-15  3.790e-15
 2.20  2.25  1.171e-13  1.081e-13  3.626e-15  3.408e-15
 2.25  2.30  1.030e-13  8.837e-14  3.275e-15  3.214e-15
 2.30  2.35  9.279e-14  7.136e-14  3.228e-15  3.003e-15
 2.35  2.40  8.199e-14  5.707e-14  2.942e-15  2.755e-15
 2.40  2.45  7.353e-14  4.620e-14  2.767e-15  2.553e-15
 2.45  2.50  6.577e-14  3.778e-14  2.586e-15  2.435e-15
 2.50  2.55  5.830e-14  3.028e-14  2.509e-15  2.089e-15
 2.55  2.60  5.318e-14  2.412e-14  2.360e-15  1.987e-15
 2.60  2.65  4.822e-14  1.977e-14  2.095e-15  1.814e-15
 2.65  2.70  4.317e-14  1.638e-14  2.037e-15  1.685e-15
 2.70  2.75  3.997e-14  1.323e-14  1.915e-15  1.529e-15
 2.75  2.80  3.619e-14  1.038e-14  1.850e-15  1.529e-15
 2.80  2.85  3.375e-14  8.707e-15  1.708e-15  1.312e-15
 2.85  2.90  3.050e-14  6.981e-15  1.589e-15  1.278e-15
 2.90  2.95  2.926e-14  6.078e-15  1.377e-15  1.162e-15
 2.95  3.00  2.705e-14  5.111e-15  1.431e-15  1.136e-15
 3.00  3.05  2.659e-14  3.919e-15  1.227e-15  1.011e-15
 3.05  3.10  2.502e-14  3.328e-15  1.221e-15  9.384e-16
 3.10  3.15  2.391e-14  2.861e-15  1.110e-15  7.916e-16
 3.15  3.20  2.297e-14  2.382e-15  1.056e-15  7.510e-16
 3.20  3.25  2.191e-14  2.295e-15  1.010e-15  6.935e-16
 3.25  3.30  2.118e-14  2.269e-15  8.801e-16  6.310e-16
 3.30  3.35  2.052e-14  1.828e-15  7.992e-16  5.732e-16
 3.35  3.40  1.945e-14  1.613e-15  7.473e-16  5.215e-16
 3.40  3.45  1.886e-14  1.537e-15  7.088e-16  4.846e-16
 3.45  3.50  1.828e-14  1.375e-15  6.406e-16  4.412e-16
 3.50  3.55  1.759e-14  1.247e-15  5.861e-16  4.170e-16
 3.55  3.60  1.638e-14  1.044e-15  5.666e-16  3.833e-16
 3.60  3.65  1.569e-14  9.532e-16  5.348e-16  3.395e-16
 3.65  3.70  1.510e-14  8.148e-16  4.949e-16  3.098e-16
 3.70  3.75  1.471e-14  7.485e-16  4.187e-16  2.968e-16
 3.75  3.80  1.385e-14  7.837e-16  4.146e-16  2.715e-16
 3.80  3.85  1.349e-14  6.202e-16  3.647e-16  2.432e-16
 3.85  3.90  1.301e-14  6.614e-16  3.536e-16  2.314e-16
 3.90  3.95  1.263e-14  5.495e-16  3.845e-16  2.060e-16
 3.95  4.00  1.190e-14  5.132e-16  2.935e-16  1.951e-16
 4.00  4.05  1.172e-14  4.900e-16  2.524e-16  1.681e-16
 4.05  4.10  1.088e-14  4.984e-16  2.261e-16  1.572e-16
 4.10  4.15  1.063e-14  4.479e-16  2.237e-16  1.406e-16
 4.15  4.20  1.012e-14  2.406e-16  2.154e-16  1.268e-16
 4.20  4.25  9.545e-15  2.196e-16  1.884e-16  1.231e-16
 4.25  4.30  9.358e-15  1.973e-16  1.694e-16  1.077e-16
 4.30  4.35  8.664e-15  1.762e-16  1.650e-16  9.947e-17
 4.35  4.40  8.389e-15  1.339e-16  1.346e-16  9.775e-17
 4.40  4.45  7.950e-15  1.256e-16  1.187e-16  8.410e-17
 4.45  4.50  7.503e-15  9.669e-17  1.142e-16  7.331e-17
 4.50  4.55  7.292e-15  7.546e-17  9.965e-17  7.020e-17
 4.55  4.60  7.194e-15  5.980e-17  1.001e-16  6.270e-17
 4.60  4.65  6.801e-15  6.291e-17  8.928e-17  5.876e-17
 4.65  4.70  6.302e-15  4.740e-17  7.275e-17  4.995e-17
 4.70  4.75  5.939e-15  3.581e-17  7.226e-17  4.352e-17
 4.75  4.80  5.668e-15  3.289e-17  6.372e-17  3.974e-17
 4.80  4.85  5.272e-15  2.808e-17  6.069e-17  3.311e-17
 4.85  4.90  5.099e-15  2.706e-17  5.588e-17  3.234e-17
 4.90  4.95  4.810e-15  2.439e-17  4.919e-17  2.915e-17
 4.95  5.00  4.621e-15  1.477e-17  4.375e-17  2.783e-17
 5.00  5.05  4.364e-15  1.240e-17  3.763e-17  2.370e-17
 5.05  5.10  4.039e-15  1.035e-17  3.561e-17  2.097e-17
 5.10  5.15  3.841e-15  9.001e-18  3.264e-17  2.074e-17
 5.15  5.20  3.546e-15  6.870e-18  2.669e-17  1.746e-17
 5.20  5.25  3.388e-15  8.575e-18  2.274e-17  1.676e-17
 5.25  5.30  3.201e-15  4.392e-18  2.047e-17  1.429e-17
 5.30  5.35  2.964e-15  4.736e-18  1.863e-17  1.336e-17
 5.35  5.40  2.803e-15  3.038e-18  1.809e-17  1.111e-17
 5.40  5.45  2.651e-15  2.413e-18  1.686e-17  9.926e-18
 5.45  5.50  2.521e-15  2.072e-18  1.507e-17  8.299e-18
 5.50  5.55  2.339e-15  2.061e-18  1.354e-17  7.783e-18
 5.55  5.60  2.161e-15  1.113e-18  9.593e-18  5.029e-18
 5.60  5.65  2.012e-15  9.256e-19  9.700e-18  4.684e-18
 5.65  5.70  1.878e-15  6.533e-19  5.531e-18  5.250e-18
 5.70  5.75  1.779e-15  8.079e-19  4.388e-18  5.165e-18
 5.75  5.80  1.627e-15  6.662e-19  3.728e-18  4.512e-18
 5.80  5.85  1.520e-15  3.475e-19  3.285e-18  4.511e-18
 5.85  5.90  1.419e-15  3.808e-19  2.665e-18  4.759e-18
 5.90  5.95  1.285e-15  3.495e-19  2.035e-18  4.238e-18
 5.95  6.00  1.207e-15  2.521e-19  1.918e-18  4.177e-18
 6.00  6.05  1.090e-15  1.967e-19  1.503e-18  2.956e-18
 6.05  6.10  9.855e-16  1.264e-19  1.575e-18  3.042e-18
 6.10  6.15  9.135e-16  6.892e-20  1.358e-18  2.275e-18
 6.15  6.20  8.085e-16  7.387e-20  9.778e-19  2.627e-18
 6.20  6.25  7.326e-16  3.467e-20  1.387e-18  2.442e-18
 6.25  6.30  6.565e-16  1.026e-19  7.948e-19  2.066e-18
 6.30  6.35  5.453e-16  1.603e-20  1.305e-18  1.443e-18
 6.35  6.40  4.648e-16  1.620e-20  1.474e-18  1.399e-18
 6.40  6.45  3.907e-16  1.130e-20  8.011e-19  8.317e-19
 6.45  6.50  3.184e-16  1.395e-20  4.634e-19  5.430e-19
 6.50  6.55  2.513e-16  2.114e-21  3.624e-19  6.978e-19
 6.55  6.60  2.045e-16  3.943e-21  2.672e-19  5.496e-19
 6.60  6.65  1.670e-16  1.888e-21  2.113e-19  2.634e-19
 6.65  6.70  1.282e-16  6.712e-21  2.340e-19  1.412e-19
 6.70  6.75  9.410e-17  5.944e-21  1.633e-19  2.165e-19
 6.75  6.80  5.239e-17  0.000e+00  2.508e-19  1.661e-19
 6.80  6.85  2.397e-17  1.436e-21  2.236e-19  1.678e-19
 6.85  6.90  6.894e-18  0.000e+00  2.219e-19  1.920e-19
 6.90  6.95  6.623e-19  0.000e+00  3.985e-19  1.301e-19
 6.95  7.00  2.247e-19  0.000e+00  4.860e-19  1.633e-19
 7.00  7.05  1.282e-19  0.000e+00  6.373e-19  2.827e-19
 7.05  7.10  7.659e-20  0.000e+00  4.257e-19  2.540e-19
 7.10  7.15  0.000e+00  0.000e+00  2.612e-19  3.401e-19
 7.15  7.20  0.000e+00  1.436e-21  2.325e-19  3.840e-19
 7.20  7.25  0.000e+00  0.000e+00  4.544e-19  1.678e-19
 7.25  7.30  0.000e+00  0.000e+00  1.149e-19  1.588e-19
 7.30  7.35  0.000e+00  0.000e+00  5.743e-20  1.346e-19
 7.35  7.40  0.000e+00  0.000e+00  5.743e-20  2.027e-19
 7.40  7.45  0.000e+00  0.000e+00  0.000e+00  1.678e-19
 7.45  7.50  0.000e+00  0.000e+00  0.000e+00  7.266e-20
 7.50  7.55  0.000e+00  0.000e+00  0.000e+00  0.000e+00
 7.55  7.60  0.000e+00  0.000e+00  0.000e+00  2.422e-20
 7.60  7.65  0.000e+00  0.000e+00  0.000e+00  0.000e+00
 7.65  7.70  0.000e+00  0.000e+00  0.000e+00  0.000e+00
 7.70  7.75  0.000e+00  0.000e+00  0.000e+00  0.000e+00
 7.75  7.80  0.000e+00  0.000e+00  0.000e+00  0.000e+00
 7.80  7.85  0.000e+00  0.000e+00  0.000e+00  0.000e+00
 7.85  7.90  0.000e+00  0.000e+00  0.000e+00  0.000e+00
 7.90  7.95  0.000e+00  0.000e+00  0.000e+00  0.000e+00
 7.95  8.00  0.000e+00  0.000e+00  0.000e+00  0.000e+00
 8.00  8.05  0.000e+00  0.000e+00  0.000e+00  0.000e+00
 8.05  8.10  0.000e+00  0.000e+00  0.000e+00  0.000e+00
 8.10  8.15  0.000e+00  0.000e+00  0.000e+00  0.000e+00
 8.15  8.20  0.000e+00  0.000e+00  0.000e+00  0.000e+00
 8.20  8.25  0.000e+00  0.000e+00  0.000e+00  0.000e+00
 8.25  8.30  0.000e+00  0.000e+00  0.000e+00  0.000e+00
 8.30  8.35  0.000e+00  0.000e+00  0.000e+00  0.000e+00
 8.35  8.40  0.000e+00  0.000e+00  0.000e+00  0.000e+00
 8.40  8.45  0.000e+00  0.000e+00  0.000e+00  0.000e+00
 8.45  8.50  0.000e+00  0.000e+00  0.000e+00  0.000e+00
 8.50  8.55  0.000e+00  0.000e+00  0.000e+00  0.000e+00
 8.55  8.60  0.000e+00  0.000e+00  0.000e+00  0.000e+00
 8.60  8.65  0.000e+00  0.000e+00  0.000e+00  0.000e+00
 8.65  8.70  0.000e+00  0.000e+00  0.000e+00  0.000e+00
 8.70  8.75  0.000e+00  0.000e+00  0.000e+00  0.000e+00
 8.75  8.80  0.000e+00  0.000e+00  0.000e+00  0.000e+00
 8.80  8.85  0.000e+00  0.000e+00  0.000e+00  0.000e+00
 8.85  8.90  0.000e+00  0.000e+00  0.000e+00  0.000e+00
 8.90  8.95  0.000e+00  0.000e+00  0.000e+00  0.000e+00
 8.95  9.00  0.000e+00  0.000e+00  0.000e+00  0.000e+00
 9.00  9.05  0.000e+00  0.000e+00  0.000e+00  0.000e+00
 9.05  9.10  0.000e+00  0.000e+00  0.000e+00  0.000e+00
 9.10  9.15  0.000e+00  0.000e+00  0.000e+00  0.000e+00
 9.15  9.20  0.000e+00  0.000e+00  0.000e+00  0.000e+00
 9.20  9.25  0.000e+00  0.000e+00  0.000e+00  0.000e+00
 9.25  9.30  0.000e+00  0.000e+00  0.000e+00  0.000e+00
 9.30  9.35  0.000e+00  0.000e+00  0.000e+00  0.000e+00
 9.35  9.40  0.000e+00  0.000e+00  0.000e+00  0.000e+00
 9.40  9.45  0.000e+00  0.000e+00  0.000e+00  0.000e+00
 9.45  9.50  0.000e+00  0.000e+00  0.000e+00  0.000e+00
 9.50  9.55  0.000e+00  0.000e+00  0.000e+00  0.000e+00
 9.55  9.60  0.000e+00  0.000e+00  0.000e+00  0.000e+00
 9.60  9.65  0.000e+00  0.000e+00  0.000e+00  0.000e+00
 9.65  9.70  0.000e+00  0.000e+00  0.000e+00  0.000e+00
 9.70  9.75  0.000e+00  0.000e+00  0.000e+00  0.000e+00
 9.75  9.80  0.000e+00  0.000e+00  0.000e+00  0.000e+00
 9.80  9.85  0.000e+00  0.000e+00  0.000e+00  0.000e+00
 9.85  9.90  0.000e+00  0.000e+00  0.000e+00  0.000e+00
 9.90  9.95  0.000e+00  0.000e+00  0.000e+00  0.000e+00
 9.95 10.00  0.000e+00  0.000e+00  0.000e+00  0.000e+00
