0.895 0.0011
0.914 0.00116
0.933 0.00121
0.96 0.00126
0.99 0.00132
1.02 0.00138
1.05 0.00145
1.09 0.00151
1.11 0.00158
1.16 0.00166
1.21 0.00173
1.29 0.00179
1.37 0.00185
1.45 0.00189
1.53 0.00193
1.61 0.00195
1.69 0.00194
1.77 0.00191
1.84 0.00187
1.91 0.00183
1.97 0.00177
2.04 0.00174
2.07 0.00168
2.14 0.00162
2.21 0.00156
2.28 0.0015
2.35 0.00143
2.41 0.00137
2.47 0.00132
2.52 0.00126
2.58 0.00121
2.62 0.00116
2.69 0.00112
2.74 0.00107
2.78 0.00103
2.83 0.00099
2.88 0.000952
2.94 0.000914
2.99 0.000877
3.03 0.000844
3.08 0.000809
3.13 0.000775
3.18 0.000741
3.23 0.00071
3.27 0.000681
3.31 0.000655
3.36 0.000627
3.4 0.000602
3.45 0.000581
3.5 0.000556
3.55 0.000534
3.59 0.000512
3.63 0.000494
3.67 0.000476
3.72 0.000457
3.77 0.000439
3.82 0.000421
3.87 0.000402
3.92 0.000385
3.96 0.000368
4.02 0.000351
4.07 0.000335
4.12 0.00032
4.16 0.000306
4.21 0.000294
4.25 0.000284
4.31 0.000273
4.36 0.00026
4.41 0.000249
4.45 0.000239
4.5 0.000228
4.54 0.000219
4.59 0.00021
4.63 0.000202
4.68 0.000194
4.72 0.000185
4.77 0.000178
4.82 0.000171
4.87 0.000164
4.92 0.000157
4.96 0.00015
5.01 0.000144
5.05 0.000139
5.11 0.000132
5.16 0.000126
5.2 0.000121
5.24 0.000117
5.28 0.000112
5.33 0.000108
5.38 0.000103
5.43 0.000099
5.48 0.0000947
5.53 0.0000903
5.58 0.0000862
5.63 0.0000824
5.68 0.0000789
5.73 0.0000754
5.78 0.0000721
5.82 0.0000692
5.86 0.0000666
5.91 0.0000636
5.96 0.0000609
5.99 0.0000583
6.04 0.0000558
6.09 0.0000536
6.13 0.0000515
6.18 0.0000498
6.23 0.0000478
6.29 0.0000459
6.33 0.0000441
6.39 0.0000422
6.45 0.0000404
6.51 0.0000387
6.56 0.0000372
6.62 0.0000358
6.68 0.000035
6.7 0.0000338
6.77 0.0000326
6.83 0.0000312
6.9 0.0000302
6.98 0.0000291
7.02 0.0000281
7.08 0.0000273
7.15 0.0000265
7.2 0.0000256
7.26 0.0000251
7.29 0.0000243
7.36 0.0000239
7.4 0.0000232
7.47 0.0000228
7.53 0.0000221
7.6 0.0000217
7.66 0.000021
7.73 0.0000206
7.77 0.00002
7.84 0.0000198
7.89 0.0000193
7.96 0.000019
8.01 0.0000186
8.08 0.0000183
8.15 0.0000179
8.23 0.0000176
8.31 0.0000174
8.38 0.0000171
8.45 0.0000169
8.54 0.0000166
8.61 0.0000165
8.66 0.0000165
