0.8847 0.001083
0.9160 0.001184
0.9476 0.001249
0.9792 0.001318
1.027 0.001441
1.074 0.001520
1.122 0.001632
1.185 0.001753
1.248 0.001883
1.328 0.002011
1.439 0.002154
1.567 0.002293
1.694 0.002356
1.822 0.002378
1.950 0.002327
2.078 0.002266
2.207 0.002149
2.335 0.002010
2.447 0.001856
2.544 0.001739
2.640 0.001619
2.705 0.001554
2.769 0.001456
2.849 0.001360
2.914 0.001278
2.978 0.001190
3.043 0.001098
3.091 0.001051
3.139 0.0009784
3.204 0.0009112
3.268 0.0008486
3.333 0.0007903
3.381 0.0007492
3.430 0.0006977
3.478 0.0006615
3.526 0.0006215
3.575 0.0005840
3.623 0.0005487
3.672 0.0005156
3.736 0.0004745
3.801 0.0004393
3.849 0.0004091
3.897 0.0003878
3.946 0.0003580
3.994 0.0003364
4.043 0.0003133
4.091 0.0002970
4.124 0.0002815
4.172 0.0002622
4.237 0.0002399
4.285 0.0002274
4.333 0.0002118
4.398 0.0001972
4.462 0.0001820
4.527 0.0001665
4.575 0.0001593
4.624 0.0001484
4.672 0.0001406
4.721 0.0001298
4.769 0.0001242
4.817 0.0001167
4.866 0.0001116
4.930 0.0001027
4.994 0.00009679
5.043 0.00009014
5.091 0.00008546
5.140 0.00008030
5.188 0.00007681
5.236 0.00007217
5.285 0.00006903
5.349 0.00006429
5.446 0.00005676
5.526 0.00005239
5.575 0.00005011
5.639 0.00004667
5.736 0.00004220
5.816 0.00003907
5.897 0.00003596
5.977 0.00003389
6.041 0.00003184
6.138 0.00002966
6.250 0.00002754
6.363 0.00002573
6.491 0.00002440
6.619 0.00002324
6.747 0.00002253
6.876 0.00002165
7.004 0.00002090
7.132 0.00002045
7.260 0.00001982
7.388 0.00001948
7.516 0.00001906
7.644 0.00001848
7.772 0.00001800
7.900 0.00001753
8.028 0.00001715
8.156 0.00001655
8.284 0.00001619
8.413 0.00001563
8.541 0.00001529
8.669 0.00001482
8.797 0.00001437
8.925 0.00001394
9.053 0.00001345
9.181 0.00001316
9.309 0.00001259
9.438 0.00001210
9.566 0.00001173
9.694 0.00001127
9.822 0.00001083
9.950 0.00001046
10.08 0.00001005
10.21 0.000009573
10.33 0.000009199
10.46 0.000008762
10.59 0.000008383
10.72 0.000008020
10.85 0.000007673
10.98 0.000007243
11.10 0.000006899
11.23 0.000006600
11.36 0.000006230
11.49 0.000005882
11.62 0.000005577
11.75 0.000005288
11.87 0.000004948
12.00 0.000004629
12.13 0.000004331
12.26 0.000004089
12.39 0.000003809
12.50 0.000003600
12.61 0.000003364
12.74 0.000003133
12.87 0.000002918
12.97 0.000002767
13.06 0.000002612
13.17 0.000002465
13.29 0.000002276
13.38 0.000002177
13.46 0.000002052
13.56 0.000001946
13.67 0.000001807
13.77 0.000001713
13.85 0.000001610
13.94 0.000001499
14.04 0.000001413
14.14 0.000001324
14.22 0.000001244
14.31 0.000001159
14.43 0.000001057
14.54 9.702e-7
14.65 8.851e-7
14.73 8.267e-7
14.81 7.677e-7
14.91 7.024e-7
14.97 6.739e-7
15.04 6.276e-7
15.12 5.845e-7
15.17 5.541e-7
15.23 5.191e-7
15.33 4.722e-7
15.42 4.269e-7
15.52 3.883e-7
15.60 3.584e-7
15.65 3.428e-7
15.70 3.221e-7
15.76 3.054e-7
15.83 2.819e-7
15.89 2.625e-7
15.96 2.445e-7
16.04 2.210e-7
16.12 2.010e-7
16.17 1.906e-7
16.21 1.759e-7
16.26 1.653e-7
16.31 1.539e-7
16.36 1.433e-7
16.41 1.311e-7
16.46 1.243e-7
16.50 1.127e-7
16.55 1.059e-7
16.59 9.863e-8
16.63 9.185e-8
16.68 8.255e-8
16.73 7.687e-8
16.78 6.908e-8
16.83 6.433e-8
16.89 5.579e-8
16.94 5.196e-8
16.97 4.925e-8
17.01 4.506e-8
17.04 4.271e-8
17.07 4.049e-8
17.10 3.639e-8
17.14 3.388e-8
17.17 3.212e-8
17.20 2.836e-8
17.23 2.688e-8
17.27 2.548e-8
