0.00 0.0
0.05 0.0
0.10 0.0
0.15 0.0
0.20 0.0
0.25 1
0.30 7.925742764778324
0.35 11.804283405172413
0.40 9.001789562807883
0.45 5.940675030788176
0.50 13.913754618226601
0.55 5.938943195812808
0.60 6.843153479064041
0.65 10.893915486453203
0.70 5.979256465517242
0.75 6.840363300492612
0.80 3.908559113300491
0.85 3.0457204433497544
0.90 3.9069234913793096
0.95 1.9664024014778327
1.00 1
1.05 0
1.10 1
1.15 1
1.20 0
1.25 1
1.30 1
1.35 1
1.40 1
1.45 0.0
1.50 0.0
1.55 0.0
1.60 0.0
1.65 0.0
1.70 0.0
1.75 0.0
1.80 0.0
1.85 1
1.90 0.0
1.95 0.0
2.00 0.0
