0.0  11.094812263557213
0.1  13.971823972446423
0.2  18.063918224509138
0.3  26.771444972370343
0.4  19.022276628559183
0.5  18.032795955488243
0.6  21.844582304569442
0.7  17.032733710950204
0.8  13.059319044753824
0.9  13.059319044753824
1.0  11.080980143992367
1.1  11.080980143992367
1.2  8.029268764999209
1.3  10.024344530434124
1.4  7.169671694642133
1.5  6.086340090323745
1.6  6.086340090323745
1.7  4.153992987115384
1.8  6.054595375922435
1.9  3.155175633338178
2.0  2.1178358265728896
2.1  2.1178358265728896
2.2  1.1177735820348467
2.3  2.9263923757356984
2.4  0
2.5  0
2.6  0
2.7  1.999017919510898
2.8  1.999017919510898
2.9  1.0928066062203072
3.0  1.0928066062203072
3.1  1.0928066062203072
3.2  1.9939691958697345
3.3  1.9939691958697345
3.4  0
3.5  0
3.6  1.020602942091834
3.7  0
3.8  0
3.9  1.0820867135575547
4.0  1.0820867135575547
4.1  0
4.2  1.050964444536664
4.3  0
4.4  0
4.5  0
4.6  0
4.7  0
4.8  0
4.9  0
5.0  0
