0.05 0.0
0.10 0.0
0.15 0.0
0.20 0.0
0.25 0.0
0.30 0.0
0.35 0.0
0.40 0.0
0.45 0.0
0.50 0.0
0.55 0.0
0.60 0.0
0.65 0.0
0.70 0.0
0.75 0.0
0.80 0.0
0.85 0.0
0.90 0.0
0.95 0.0
1.00 0.0
1.05 2.4652320992294534
1.10 29.92811501597445
1.15 44.75404059387334
1.20 58.671537305017864
1.25 32.318643112196966
1.30 25.14494455929337
1.35 12.882211990227404
1.40 17.618163878970122
1.45 5.8092933659086725
1.50 6.545057320052628
1.55 8.646635970682212
1.60 4.927645179477551
1.65 3.7549332832174542
1.70 2
1.75 1
1.80 4.417402743845159
1.85 1
1.90 1
2.00 2
2.05 1
2.10 0
2.15 0
2.25 2
2.30 0
2.35 0
2.40 0
2.45 0
2.50 0
2.55 1
2.60 0
2.65 0
2.70 1
2.75 0
2.80 0
2.85 0
2.90 0
2.95 1
3.00 0
3.05 0
3.10 1
3.15 0
