0.0  0.0
0.05 0.0
0.10 0.0
0.15 0.0
0.20 0.0
0.25 1.871680373359517
0.30 20.676600588767982
0.35 33.83922716394946
0.40 40.85379874581631
0.45 23.63667848555474
0.50 32.67645297095052
0.55 30.649206128410466
0.60 12.853196919329704
0.65 13.719713507881941
0.70 5.833401937767739
0.75 11.690876934999892
0.80 5.61265652456558
0.85 3.802521425874559
0.90 6.7668007528508625
0.95 2.6416776197194594
1.00 4.810069806194839
1.05 3.795594743670172
1.10 0.0
1.15 1
1.20 1
1.25 2.631117268161951
1.30 0.0
1.35 1
1.40 0.0
1.45 2.6237363772884237
1.50 0.0
1.55 1
1.60 1
1.65 0.0
1.70 1
1.75 0.0
1.80 0.0
1.85 0.0
1.90 1
1.95 0.0
2.00 0.0
2.05 0.0
2.10 0.0
2.15 0.0
2.20 1
2.25 1
2.30 1
2.35 0
2.40 0
2.45 0
2.50 0

