1.00 0.50 0.75 0.70 0.66 0.82 0.75 0.65 0.76 0.89 0.62 0.31 0.34  
0.50 1.00 0.87 0.83 0.88 0.78 0.80 0.85 0.67 0.57 0.86 0.78 0.56  
0.75 0.87 1.00 0.93 0.91 0.92 0.92 0.90 0.85 0.82 0.87 0.67 0.51  
0.70 0.83 0.93 1.00 0.83 0.90 0.87 0.90 0.91 0.81 0.90 0.61 0.42  
0.66 0.88 0.91 0.83 1.00 0.91 0.93 0.90 0.75 0.77 0.87 0.84 0.70  
0.82 0.78 0.92 0.90 0.91 1.00 0.95 0.91 0.91 0.92 0.88 0.66 0.58  
0.75 0.80 0.92 0.87 0.93 0.95 1.00 0.93 0.85 0.87 0.88 0.75 0.65  
0.65 0.85 0.90 0.90 0.90 0.91 0.93 1.00 0.89 0.78 0.92 0.79 0.57  
0.76 0.67 0.85 0.91 0.75 0.91 0.85 0.89 1.00 0.89 0.84 0.53 0.38  
0.89 0.57 0.82 0.81 0.77 0.92 0.87 0.78 0.89 1.00 0.78 0.47 0.45  
0.62 0.86 0.87 0.90 0.87 0.88 0.88 0.92 0.84 0.78 1.00 0.77 0.55  
0.31 0.78 0.67 0.61 0.84 0.66 0.75 0.79 0.53 0.47 0.77 1.00 0.72  
0.34 0.56 0.51 0.42 0.70 0.58 0.65 0.57 0.38 0.45 0.55 0.72 1.00
