Bin Boundaries [GeV^2] 

0.00 0.10 0.20 0.30 0.40 0.50 0.60 0.70 0.80 1.00 1.20 1.50 2.00


Central Value Measurement [*10^{-39} cm^2/GeV^2]

9.12 16.41 14.72 12.32 9.82 7.70 5.97 4.48 3.07 1.55 0.70 0.18


Statistical Uncertainty [*10^{-39} cm^2/GeV^2]

0.39 0.52 0.49 0.45 0.41 0.36 0.33 0.30 0.17 0.12 0.07 0.02


Systematic Uncertainty [*10^{-39} cm^2/GeV^2]

2.33 2.90 2.31 1.96 1.68 1.33 1.00 0.75 0.55 0.36 0.18 0.07


Systematic Uncertainty Correlation Matrix (V_ij/sqrt(V_ii*V_jj))

1.00 0.94 0.95 0.91 0.78 0.78 0.87 0.84 0.83 0.70 0.71 0.60
0.94 1.00 0.94 0.90 0.66 0.68 0.91 0.78 0.81 0.61 0.66 0.62
0.95 0.94 1.00 0.97 0.83 0.84 0.90 0.82 0.79 0.76 0.70 0.53
0.91 0.90 0.97 1.00 0.81 0.83 0.93 0.73 0.70 0.76 0.60 0.41
0.78 0.66 0.83 0.81 1.00 0.99 0.67 0.81 0.70 0.89 0.72 0.37
0.78 0.68 0.84 0.83 0.99 1.00 0.73 0.79 0.68 0.91 0.69 0.34
0.87 0.91 0.90 0.93 0.67 0.73 1.00 0.71 0.72 0.69 0.60 0.49
0.84 0.78 0.82 0.73 0.81 0.79 0.71 1.00 0.97 0.77 0.91 0.78
0.83 0.81 0.79 0.70 0.70 0.68 0.72 0.97 1.00 0.72 0.93 0.87
0.70 0.61 0.76 0.76 0.89 0.91 0.69 0.77 0.72 1.00 0.80 0.43
0.71 0.66 0.70 0.60 0.72 0.69 0.60 0.91 0.93 0.80 1.00 0.87
0.60 0.62 0.53 0.41 0.37 0.34 0.49 0.78 0.87 0.43 0.87 1.00
