1.00  0.37  0.30  0.20 -0.01 -0.13 -0.29 -0.46 -0.33 -0.22 -0.24 -0.23 -0.20
1.00  0.20 0.13 -0.01 -0.09 -0.22 -0.33 -0.23 -0.13 -0.18 -0.17 -0.15
1.00  0.19 0.10 0.03 -0.14 -0.32 -0.26 -0.22 -0.26 -0.23 -0.19
1.00  0.16 0.07 -0.05 -0.23 -0.24 -0.24 -0.20 -0.18 -0.19
1.00  0.30 0.16 -0.11 -0.21 -0.26 -0.25 -0.23 -0.16
1.00  0.21 0.01 -0.10 -0.18 -0.19 -0.17 -0.11
1.00  0.24 0.06 -0.01 -0.02 -0.03 -0.02
1.00  0.27 0.25 0.28 0.23 0.19
1.00  0.28 0.29 0.29 0.25
1.00  0.29 0.26 0.22
1.00  0.37 0.28
1.00  0.29
1.00
