0.4	9.716E-39	1.997E-39	1.997E-39
0.45	1.0126E-38	1.455E-39	1.532E-39
0.5	1.076E-38	1.169E-39	1.33E-39
0.55	1.1508E-38	9.537E-40	1.209E-39
0.6	1.2071E-38	7.575E-40	1.124E-39
0.65	1.2588E-38	6E-40		1.089E-39
0.7	1.288E-38	4.496E-40	1.065E-39
0.75	1.3222E-38	3.151E-40	1.078E-39
0.8	1.3548E-38	1.954E-40	1.129E-39
0.9	1.3634E-38	2.714E-40	1.217E-39
1	1.3767E-38	4.952E-40	1.359E-39
1.1	1.3585E-38	9.122E-40	1.662E-39
1.3	1.35744E-38	1.417E-39	2.116E-39
1.5	1.28422E-38	1.991E-39	2.613E-39
2	0	0	0		0
