1.0000 0.8411 0.8344 0.8561 0.8561 0.8437 0.8104 0.7787 0.8562 0.7050 0.7002 0.6942 0.5834 0.4134
0.8411 1.0000 0.8468 0.8617 0.8606 0.8438 0.8254 0.7975 0.8330 0.6916 0.6979 0.6959 0.6005 0.4242
0.8344 0.8468 1.0000 0.8735 0.8608 0.8527 0.8377 0.8141 0.8475 0.6781 0.6873 0.6856 0.5911 0.4354
0.8561 0.8617 0.8735 1.0000 0.8897 0.8810 0.8574 0.8376 0.8573 0.7041 0.7238 0.7180 0.6152 0.4589
0.8561 0.8606 0.8608 0.8897 1.0000 0.8924 0.8637 0.8317 0.8607 0.7207 0.7273 0.7261 0.6309 0.4594
0.8437 0.8438 0.8527 0.8810 0.8924 1.0000 0.8564 0.8264 0.8589 0.7070 0.7171 0.7169 0.6203 0.4633
0.8104 0.8254 0.8377 0.8574 0.8637 0.8564 1.0000 0.8160 0.8358 0.7020 0.7147 0.7176 0.6325 0.4621
0.7787 0.7975 0.8141 0.8376 0.8317 0.8264 0.8160 1.0000 0.8095 0.7047 0.7304 0.7186 0.6330 0.5031
0.8562 0.8330 0.8475 0.8573 0.8607 0.8589 0.8358 0.8095 1.0000 0.7619 0.7509 0.7447 0.6452 0.4745
0.7050 0.6916 0.6781 0.7041 0.7207 0.7070 0.7020 0.7047 0.7619 1.0000 0.7444 0.7208 0.6442 0.4579
0.7002 0.6979 0.6873 0.7238 0.7273 0.7171 0.7147 0.7304 0.7509 0.7444 1.0000 0.7534 0.6670 0.4832
0.6942 0.6959 0.6856 0.7180 0.7261 0.7169 0.7176 0.7186 0.7447 0.7208 0.7534 1.0000 0.6555 0.4646
0.5834 0.6005 0.5911 0.6152 0.6309 0.6203 0.6325 0.6330 0.6452 0.6442 0.6670 0.6555 1.0000 0.4535
0.4134 0.4242 0.4354 0.4589 0.4594 0.4633 0.4621 0.5031 0.4745 0.4579 0.4832 0.4646 0.4535 1.0000
