1.000  0.886  0.913  0.903  0.842  0.723  0.396  0.309  0.435  0.434  0.447  0.441  0.415  0.313  0.181  0.117
0.886  1.000  0.916  0.907  0.836  0.699  0.378  0.291  0.430  0.436  0.447  0.447  0.409  0.290  0.143  0.077
0.913  0.916  1.000  0.943  0.887  0.743  0.382  0.335  0.427  0.432  0.455  0.449  0.418  0.295  0.149  0.083
0.903  0.907  0.943  1.000  0.940  0.838  0.450  0.427  0.397  0.413  0.432  0.440  0.442  0.371  0.219  0.169
0.842  0.836  0.887  0.940  1.000  0.912  0.536  0.564  0.350  0.368  0.398  0.403  0.450  0.421  0.310  0.275
0.723  0.699  0.743  0.838  0.912  1.000  0.643  0.640  0.249  0.273  0.299  0.321  0.422  0.523  0.442  0.441
0.396  0.378  0.382  0.450  0.536  0.643  1.000  0.659  0.084  0.097  0.103  0.117  0.211  0.333  0.303  0.320
0.309  0.291  0.335  0.427  0.564  0.640  0.659  1.000  0.020  0.026  0.036  0.048  0.127  0.246  0.174  0.215
0.435  0.430  0.427  0.397  0.350  0.249  0.084  0.020  1.000  0.877  0.886  0.873  0.812  0.656  0.369  0.288
0.434  0.436  0.432  0.413  0.368  0.273  0.097  0.026  0.877  1.000  0.911  0.918  0.868  0.700  0.412  0.313
0.447  0.447  0.455  0.432  0.398  0.299  0.103  0.036  0.886  0.911  1.000  0.948  0.910  0.721  0.413  0.314
0.441  0.447  0.449  0.440  0.403  0.321  0.117  0.048  0.873  0.918  0.948  1.000  0.938  0.769  0.441  0.339
0.415  0.409  0.418  0.442  0.450  0.422  0.211  0.127  0.812  0.868  0.910  0.938  1.000  0.875  0.597  0.503
0.313  0.290  0.295  0.371  0.421  0.523  0.333  0.246  0.656  0.700  0.721  0.769  0.875  1.000  0.753  0.718
0.181  0.143  0.149  0.219  0.310  0.442  0.303  0.174  0.369  0.412  0.413  0.441  0.597  0.753  1.000  0.894
0.117  0.077  0.083  0.169  0.275  0.441  0.320  0.215  0.288  0.313  0.314  0.339  0.503  0.718  0.894  1.000
