0       0.813E-38   0.109E-38
0.025   1.061E-38   0.143E-38
0.05    1.185E-38   0.156E-38
0.1     1.095E-38   0.140E-38
0.2     0.754E-38   0.101E-38
0.4     0.283E-38   0.042E-38
0.8     0.073E-38   0.015E-38
1.2     0.015E-38   0.004E-38
2.0     0.761E-38   0.114E-38
2.025   1.146E-38   0.155E-38
2.05    1.344E-38   0.169E-38
2.1     1.489E-38   0.182E-38
2.2     1.021E-38   0.124E-38
2.4     0.455E-38   0.065E-38
2.8     0.127E-38   0.032E-38
3.2     0.026E-38   0.008E-38
4.0     0           0
