0       0.813E-38   0.108E-38
0.025   1.061E-38   0.142E-38
0.05    1.185E-38   0.154E-38
0.1     1.096E-38   0.137E-38
0.2     0.777E-38   0.103E-38
0.4     0.340E-38   0.051E-38
0.8     0.123E-38   0.026E-38
1.2     0.041E-38   0.011E-38
2.0     0.761E-38   0.104E-38
2.025   1.146E-38   0.144E-38
2.05    1.343E-38   0.160E-38
2.1     1.490E-38   0.172E-38
2.2     1.063E-38   0.122E-38
2.4     0.582E-38   0.075E-38
2.8     0.242E-38   0.055E-38
3.2     0.097E-38   0.025E-38
4.0     0           0
