Units: cross-section (10^-38 cm2/(nucleon x GeV))

row (bin i) - column (bin j) | sigma_i x sigma_j x rho_ij 
0 - 0 | 0.000937317
0 - 1 | -0.000605412
0 - 2 | 3.17234e-07
0 - 3 | -8.32889e-05
0 - 4 | 9.96027e-05
0 - 5 | 1.76079e-05
0 - 6 | 7.33082e-05
0 - 7 | -2.8715e-07
0 - 8 | -0.000147564
0 - 9 | 0.000509926
0 - 10 | -0.000304671
0 - 11 | -6.33029e-05
0 - 12 | -0.000460353
0 - 13 | 0.000221503
0 - 14 | -3.20515e-08
0 - 15 | -8.59966e-05
0 - 16 | 0.000108993
0 - 17 | -0.00010104
0 - 18 | 0.000354969
0 - 19 | -0.000879364
0 - 20 | 0.000457545
0 - 21 | -5.27117e-07
0 - 22 | 0.000173525
0 - 23 | -0.000153502
0 - 24 | 0.00088721
0 - 25 | -0.00028584
0 - 26 | 0.000291514
0 - 27 | -0.000330838
0 - 28 | 0.000157696
0 - 29 | -1.17698e-06
0 - 30 | 2.79612e-05
0 - 31 | -0.000123601
0 - 32 | -0.000216064
0 - 33 | 0.000177204
0 - 34 | 5.46889e-05
0 - 35 | 0.000193544
0 - 36 | -0.000215692
0 - 37 | 6.9665e-05
0 - 38 | -6.08766e-07
0 - 39 | 6.90873e-05
0 - 40 | 0.000275942
0 - 41 | 0.000134133
0 - 42 | -9.02642e-05
0 - 43 | 0.000691668
0 - 44 | -0.000114763
0 - 45 | 0.000140551
0 - 46 | -2.99641e-06
0 - 47 | 0.000147517
0 - 48 | -1.02816e-05
0 - 49 | -0.000436121
0 - 50 | 0.000278381
0 - 51 | 0.000236464
0 - 52 | -0.000285115
0 - 53 | 0.000251929
0 - 54 | -0.000290085
0 - 55 | -2.28036e-05
0 - 56 | 5.52725e-05
0 - 57 | -1.60414e-06
0 - 58 | -0.000179913
0 - 59 | 0.000233103
0 - 60 | 7.59478e-05
0 - 61 | 1.75436e-05
0 - 62 | 0.000151686
0 - 63 | 1.98144e-05
0 - 64 | -0.000179253
0 - 65 | 7.53531e-05
0 - 66 | 2.74202e-06
1 - 0 | -0.000605412
1 - 1 | 0.00245097
1 - 2 | -2.9265e-06
1 - 3 | 0.000156491
1 - 4 | 0.000260645
1 - 5 | -3.3064e-05
1 - 6 | 3.87088e-05
1 - 7 | 6.9676e-07
1 - 8 | 0.000104153
1 - 9 | -0.00034834
1 - 10 | 3.94766e-05
1 - 11 | -0.000550882
1 - 12 | 0.000856473
1 - 13 | -0.000593963
1 - 14 | -6.40936e-07
1 - 15 | -0.000105557
1 - 16 | -0.000318326
1 - 17 | 0.000219326
1 - 18 | -7.74877e-05
1 - 19 | 0.000576856
1 - 20 | 0.000376093
1 - 21 | -4.88532e-07
1 - 22 | -4.09137e-05
1 - 23 | 3.65371e-05
1 - 24 | -0.000289591
1 - 25 | -0.000129428
1 - 26 | 8.77669e-05
1 - 27 | -0.000627427
1 - 28 | -0.000250951
1 - 29 | 1.69244e-06
1 - 30 | 7.73292e-05
1 - 31 | 0.000103586
1 - 32 | -0.000515349
1 - 33 | -0.000143576
1 - 34 | -0.000601884
1 - 35 | -0.000571781
1 - 36 | 0.000802307
1 - 37 | -5.50562e-05
1 - 38 | -7.94339e-07
1 - 39 | -0.000275564
1 - 40 | -0.000138252
1 - 41 | -0.000929603
1 - 42 | -5.50179e-05
1 - 43 | -0.000566941
1 - 44 | 0.000102725
1 - 45 | 0.000110496
1 - 46 | -6.74466e-07
1 - 47 | -0.000204492
1 - 48 | 5.62547e-05
1 - 49 | -0.000290378
1 - 50 | 0.00086548
1 - 51 | -0.00121564
1 - 52 | 0.000514646
1 - 53 | 0.000115987
1 - 54 | 9.96453e-05
1 - 55 | -2.28618e-05
1 - 56 | -2.12421e-05
1 - 57 | -2.23284e-06
1 - 58 | 8.16096e-05
1 - 59 | 0.000223497
1 - 60 | 8.45417e-05
1 - 61 | -0.000319232
1 - 62 | -0.000116103
1 - 63 | 8.22537e-05
1 - 64 | -0.000182739
1 - 65 | 1.06455e-05
1 - 66 | -1.23727e-05
2 - 0 | 3.17234e-07
2 - 1 | -2.9265e-06
2 - 2 | 1.58276e-08
2 - 3 | -9.06719e-08
2 - 4 | -4.12751e-07
2 - 5 | 2.60712e-07
2 - 6 | -6.25343e-07
2 - 7 | 2.8753e-10
2 - 8 | 3.97016e-07
2 - 9 | 5.69852e-07
2 - 10 | -6.17083e-08
2 - 11 | 1.31302e-06
2 - 12 | -9.1357e-07
2 - 13 | 7.02087e-07
2 - 14 | 1.54522e-10
2 - 15 | -9.50437e-08
2 - 16 | 2.6918e-07
2 - 17 | -2.24957e-06
2 - 18 | 1.98158e-06
2 - 19 | -8.69222e-07
2 - 20 | -7.9716e-07
2 - 21 | 2.74338e-09
2 - 22 | 1.29266e-06
2 - 23 | 1.25125e-07
2 - 24 | 4.45093e-07
2 - 25 | -1.55345e-06
2 - 26 | -2.3102e-07
2 - 27 | 2.80608e-06
2 - 28 | -6.49237e-07
2 - 29 | 2.5109e-09
2 - 30 | -1.32049e-07
2 - 31 | 1.58163e-07
2 - 32 | 7.70018e-07
2 - 33 | 1.06608e-06
2 - 34 | 1.42647e-06
2 - 35 | -9.07573e-07
2 - 36 | -8.21833e-07
2 - 37 | -1.68014e-07
2 - 38 | 5.40792e-09
2 - 39 | 5.16091e-07
2 - 40 | 5.81331e-07
2 - 41 | -1.17485e-06
2 - 42 | 1.81436e-06
2 - 43 | -7.54723e-07
2 - 44 | 1.58927e-07
2 - 45 | -5.68318e-07
2 - 46 | 2.42373e-08
2 - 47 | -4.61436e-07
2 - 48 | 7.11448e-07
2 - 49 | -6.05036e-07
2 - 50 | -4.77137e-07
2 - 51 | 2.33241e-06
2 - 52 | -1.02705e-06
2 - 53 | -4.46049e-07
2 - 54 | -3.62368e-07
2 - 55 | 5.25155e-07
2 - 56 | 1.54966e-09
2 - 57 | 1.39046e-09
2 - 58 | 2.58697e-07
2 - 59 | 9.17875e-07
2 - 60 | -2.45357e-06
2 - 61 | 2.01698e-06
2 - 62 | 3.19133e-07
2 - 63 | -9.14947e-08
2 - 64 | 4.41787e-07
2 - 65 | -5.00013e-07
2 - 66 | 1.08048e-08
3 - 0 | -8.32889e-05
3 - 1 | 0.000156491
3 - 2 | -9.06719e-08
3 - 3 | 0.000632926
3 - 4 | -0.000505462
3 - 5 | 0.000195385
3 - 6 | 9.89643e-05
3 - 7 | -3.76412e-07
3 - 8 | -0.000231828
3 - 9 | 1.20204e-05
3 - 10 | -1.23666e-05
3 - 11 | 9.36239e-05
3 - 12 | -7.1205e-05
3 - 13 | -8.18778e-05
3 - 14 | -2.97295e-07
3 - 15 | 7.76432e-05
3 - 16 | -4.15838e-05
3 - 17 | 0.000612481
3 - 18 | -0.000256669
3 - 19 | -0.000115608
3 - 20 | 0.000271274
3 - 21 | -5.71796e-07
3 - 22 | -0.000141333
3 - 23 | -0.000472624
3 - 24 | 0.000410193
3 - 25 | 0.000101849
3 - 26 | 9.58373e-05
3 - 27 | -0.000254233
3 - 28 | -0.000112231
3 - 29 | 1.4722e-06
3 - 30 | 0.000102588
3 - 31 | -0.000136254
3 - 32 | 9.25437e-05
3 - 33 | 4.64796e-05
3 - 34 | -0.000370823
3 - 35 | 0.000162338
3 - 36 | -6.58639e-05
3 - 37 | -0.000102784
3 - 38 | 3.13413e-07
3 - 39 | -3.54536e-05
3 - 40 | -0.000506184
3 - 41 | 0.000202884
3 - 42 | -7.64256e-05
3 - 43 | -0.000312231
3 - 44 | 7.3718e-05
3 - 45 | -5.40677e-05
3 - 46 | -2.65262e-07
3 - 47 | 6.2048e-05
3 - 48 | 4.01343e-05
3 - 49 | -3.85705e-05
3 - 50 | 0.000211745
3 - 51 | 0.000485417
3 - 52 | -6.08986e-05
3 - 53 | 0.000211668
3 - 54 | 4.52572e-05
3 - 55 | -9.27889e-05
3 - 56 | 6.23061e-05
3 - 57 | -3.05287e-06
3 - 58 | -6.46676e-05
3 - 59 | 0.000137786
3 - 60 | -0.00052612
3 - 61 | 0.0003534
3 - 62 | -0.000125856
3 - 63 | 2.25413e-05
3 - 64 | -0.000102437
3 - 65 | 8.87299e-05
3 - 66 | -4.98123e-06
4 - 0 | 9.96027e-05
4 - 1 | 0.000260645
4 - 2 | -4.12751e-07
4 - 3 | -0.000505462
4 - 4 | 0.00264467
4 - 5 | -0.000886177
4 - 6 | 3.87601e-05
4 - 7 | 3.41702e-07
4 - 8 | 1.85737e-05
4 - 9 | -0.000253983
4 - 10 | 0.000334213
4 - 11 | 0.000424319
4 - 12 | 7.09615e-05
4 - 13 | 0.000251818
4 - 14 | -2.2616e-07
4 - 15 | 3.56391e-05
4 - 16 | -2.15429e-07
4 - 17 | -0.000716354
4 - 18 | 0.000516972
4 - 19 | -0.000397459
4 - 20 | 0.000240819
4 - 21 | -1.09867e-06
4 - 22 | -0.000112117
4 - 23 | 0.000499098
4 - 24 | -0.000656465
4 - 25 | 0.000230684
4 - 26 | -0.000333048
4 - 27 | 0.000304098
4 - 28 | 0.000192633
4 - 29 | -1.78025e-06
4 - 30 | 0.000156516
4 - 31 | -0.000541829
4 - 32 | -0.000343512
4 - 33 | 0.000733364
4 - 34 | 0.000728882
4 - 35 | -0.000276194
4 - 36 | 0.000188184
4 - 37 | 8.58446e-05
4 - 38 | 1.14204e-06
4 - 39 | -6.03988e-05
4 - 40 | 0.00124563
4 - 41 | -0.000557086
4 - 42 | -0.000197809
4 - 43 | 0.000135667
4 - 44 | -0.000175054
4 - 45 | 9.24977e-06
4 - 46 | -8.02126e-07
4 - 47 | 0.000123775
4 - 48 | 0.000228012
4 - 49 | -0.000153073
4 - 50 | 0.000581783
4 - 51 | -0.00103934
4 - 52 | 9.00299e-06
4 - 53 | 0.000104397
4 - 54 | 1.26417e-05
4 - 55 | 0.000101839
4 - 56 | -2.5049e-05
4 - 57 | 4.68143e-08
4 - 58 | -0.000174251
4 - 59 | -0.000109385
4 - 60 | 0.000246585
4 - 61 | -0.000486154
4 - 62 | 0.000121906
4 - 63 | 2.98486e-05
4 - 64 | -7.35436e-05
4 - 65 | 3.86432e-05
4 - 66 | -8.01773e-06
5 - 0 | 1.76079e-05
5 - 1 | -3.3064e-05
5 - 2 | 2.60712e-07
5 - 3 | 0.000195385
5 - 4 | -0.000886177
5 - 5 | 0.00126586
5 - 6 | -0.000421957
5 - 7 | 2.70279e-07
5 - 8 | 0.0001244
5 - 9 | -0.000126692
5 - 10 | -0.000593638
5 - 11 | -6.70856e-05
5 - 12 | 0.000111509
5 - 13 | -0.000359597
5 - 14 | 3.21116e-07
5 - 15 | -0.000116333
5 - 16 | 0.000342595
5 - 17 | 7.47662e-05
5 - 18 | -0.000443581
5 - 19 | 0.000221971
5 - 20 | -5.60164e-06
5 - 21 | 1.28002e-06
5 - 22 | 4.94299e-05
5 - 23 | 0.000165009
5 - 24 | -0.000114604
5 - 25 | 0.000431148
5 - 26 | -2.49218e-05
5 - 27 | -0.000201982
5 - 28 | -0.000206271
5 - 29 | -5.27107e-07
5 - 30 | -0.000171252
5 - 31 | -6.06969e-05
5 - 32 | 0.000290199
5 - 33 | -0.000442053
5 - 34 | 2.68296e-06
5 - 35 | -0.000356461
5 - 36 | 0.00039554
5 - 37 | -0.000207095
5 - 38 | 3.44558e-07
5 - 39 | 8.70426e-05
5 - 40 | -0.000483599
5 - 41 | 0.000602094
5 - 42 | -0.000647615
5 - 43 | -2.67921e-05
5 - 44 | -9.46e-05
5 - 45 | 7.70259e-05
5 - 46 | 2.90168e-06
5 - 47 | -4.39797e-05
5 - 48 | -0.000124164
5 - 49 | -0.000110501
5 - 50 | -0.000169563
5 - 51 | 0.000245268
5 - 52 | -0.00029513
5 - 53 | -1.76906e-05
5 - 54 | 4.28062e-05
5 - 55 | 8.27639e-05
5 - 56 | -8.2847e-05
5 - 57 | -1.38742e-06
5 - 58 | 0.000104286
5 - 59 | -0.000626514
5 - 60 | 0.000281121
5 - 61 | -0.000324798
5 - 62 | 8.95124e-05
5 - 63 | 1.64032e-05
5 - 64 | 0.000108128
5 - 65 | 8.37814e-05
5 - 66 | 3.93359e-06
6 - 0 | 7.33082e-05
6 - 1 | 3.87088e-05
6 - 2 | -6.25343e-07
6 - 3 | 9.89643e-05
6 - 4 | 3.87601e-05
6 - 5 | -0.000421957
6 - 6 | 0.000989793
6 - 7 | -1.60606e-06
6 - 8 | -0.000175164
6 - 9 | 7.66503e-05
6 - 10 | 0.000108715
6 - 11 | -0.000162587
6 - 12 | -0.000233273
6 - 13 | 0.000320399
6 - 14 | -1.48913e-07
6 - 15 | 4.74832e-05
6 - 16 | -0.000413903
6 - 17 | 0.000747606
6 - 18 | -0.000228606
6 - 19 | -0.000161311
6 - 20 | 0.000430162
6 - 21 | -1.396e-07
6 - 22 | -0.00022717
6 - 23 | 6.26952e-05
6 - 24 | 3.99325e-05
6 - 25 | -0.000692846
6 - 26 | 0.000716308
6 - 27 | -0.000406586
6 - 28 | -0.00013737
6 - 29 | 2.01751e-06
6 - 30 | 0.000138715
6 - 31 | 0.000169426
6 - 32 | -1.25479e-06
6 - 33 | 0.000204
6 - 34 | -0.000216777
6 - 35 | -0.000285853
6 - 36 | 0.000105782
6 - 37 | -3.96621e-05
6 - 38 | -1.81558e-08
6 - 39 | -0.000126442
6 - 40 | 0.000199318
6 - 41 | -0.000379353
6 - 42 | 0.000370197
6 - 43 | 3.69057e-05
6 - 44 | -0.000198963
6 - 45 | -0.000113021
6 - 46 | -8.76107e-08
6 - 47 | 2.28047e-05
6 - 48 | 4.45599e-05
6 - 49 | 0.000348876
6 - 50 | -0.000409219
6 - 51 | 0.000504874
6 - 52 | 0.000165443
6 - 53 | -4.1418e-05
6 - 54 | 0.000325669
6 - 55 | -8.5544e-05
6 - 56 | 4.12536e-05
6 - 57 | 3.08041e-06
6 - 58 | -6.27098e-05
6 - 59 | 3.76244e-06
6 - 60 | -0.000206152
6 - 61 | 0.000229484
6 - 62 | -6.46774e-05
6 - 63 | -4.96623e-05
6 - 64 | -2.90344e-05
6 - 65 | -7.49224e-05
6 - 66 | -9.14137e-07
7 - 0 | -2.8715e-07
7 - 1 | 6.9676e-07
7 - 2 | 2.8753e-10
7 - 3 | -3.76412e-07
7 - 4 | 3.41702e-07
7 - 5 | 2.70279e-07
7 - 6 | -1.60606e-06
7 - 7 | 7.72243e-09
7 - 8 | 4.72613e-07
7 - 9 | -6.96444e-07
7 - 10 | 7.47126e-07
7 - 11 | 8.18761e-07
7 - 12 | -1.5314e-06
7 - 13 | -7.95481e-08
7 - 14 | -2.01821e-09
7 - 15 | -1.3727e-07
7 - 16 | 8.00636e-07
7 - 17 | -2.16253e-06
7 - 18 | 8.13469e-07
7 - 19 | 1.85413e-06
7 - 20 | -1.82838e-06
7 - 21 | 3.34759e-09
7 - 22 | 1.07632e-06
7 - 23 | 5.65206e-07
7 - 24 | -8.63756e-07
7 - 25 | 6.89135e-07
7 - 26 | -2.37845e-07
7 - 27 | 9.46855e-07
7 - 28 | 2.69205e-07
7 - 29 | -3.63855e-09
7 - 30 | -4.53686e-08
7 - 31 | -7.81392e-07
7 - 32 | -2.60099e-06
7 - 33 | 8.2592e-07
7 - 34 | -8.22769e-07
7 - 35 | 1.27616e-06
7 - 36 | -1.06361e-07
7 - 37 | -2.43942e-08
7 - 38 | 1.06644e-10
7 - 39 | 1.40989e-07
7 - 40 | 5.78442e-07
7 - 41 | -5.96033e-08
7 - 42 | -1.1346e-07
7 - 43 | -9.21203e-07
7 - 44 | 8.95723e-09
7 - 45 | 4.46606e-07
7 - 46 | -9.03757e-09
7 - 47 | 8.90077e-08
7 - 48 | 3.50608e-08
7 - 49 | -2.46486e-07
7 - 50 | 4.4699e-07
7 - 51 | -1.11964e-06
7 - 52 | -3.04154e-07
7 - 53 | 3.6471e-07
7 - 54 | -7.72108e-07
7 - 55 | 1.45985e-07
7 - 56 | 1.73986e-07
7 - 57 | -7.37179e-09
7 - 58 | -1.77507e-07
7 - 59 | 1.06722e-06
7 - 60 | -1.33543e-06
7 - 61 | 1.11602e-06
7 - 62 | -2.40021e-07
7 - 63 | -2.00716e-08
7 - 64 | -2.87475e-07
7 - 65 | 1.52593e-07
7 - 66 | -1.82582e-08
8 - 0 | -0.000147564
8 - 1 | 0.000104153
8 - 2 | 3.97016e-07
8 - 3 | -0.000231828
8 - 4 | 1.85737e-05
8 - 5 | 0.0001244
8 - 6 | -0.000175164
8 - 7 | 4.72613e-07
8 - 8 | 0.00104965
8 - 9 | -0.00051848
8 - 10 | -0.000179975
8 - 11 | -0.000236599
8 - 12 | -0.000144474
8 - 13 | -0.000100937
8 - 14 | 1.18375e-06
8 - 15 | -0.000185844
8 - 16 | 0.000354347
8 - 17 | -0.000401006
8 - 18 | 1.17741e-05
8 - 19 | 0.000101515
8 - 20 | -0.000107083
8 - 21 | -1.17071e-06
8 - 22 | 0.000124775
8 - 23 | 0.000425139
8 - 24 | -0.00127509
8 - 25 | 0.000666493
8 - 26 | -0.00085617
8 - 27 | 0.00133802
8 - 28 | -0.000123019
8 - 29 | -2.65921e-06
8 - 30 | 0.000109954
8 - 31 | -0.00010904
8 - 32 | 0.000320344
8 - 33 | -0.000344858
8 - 34 | 3.04467e-05
8 - 35 | -0.000660945
8 - 36 | 9.14885e-05
8 - 37 | -1.99189e-05
8 - 38 | 9.2354e-07
8 - 39 | -0.000149411
8 - 40 | 0.000363964
8 - 41 | -0.000190262
8 - 42 | -7.82146e-05
8 - 43 | 1.2439e-05
8 - 44 | 0.000178465
8 - 45 | 2.87127e-05
8 - 46 | 4.09942e-06
8 - 47 | 7.25135e-05
8 - 48 | -0.000209403
8 - 49 | 0.000260393
8 - 50 | 6.89596e-05
8 - 51 | -0.000805663
8 - 52 | -0.000208534
8 - 53 | 2.45708e-05
8 - 54 | 0.000175475
8 - 55 | 0.000174568
8 - 56 | -5.97418e-05
8 - 57 | -2.88315e-07
8 - 58 | 5.69557e-05
8 - 59 | -0.000450128
8 - 60 | 0.000298257
8 - 61 | -0.000272144
8 - 62 | 0.000117513
8 - 63 | 3.50153e-05
8 - 64 | 8.75646e-06
8 - 65 | 0.000126369
8 - 66 | -1.02455e-05
9 - 0 | 0.000509926
9 - 1 | -0.00034834
9 - 2 | 5.69852e-07
9 - 3 | 1.20204e-05
9 - 4 | -0.000253983
9 - 5 | -0.000126692
9 - 6 | 7.66503e-05
9 - 7 | -6.96444e-07
9 - 8 | -0.00051848
9 - 9 | 0.0057122
9 - 10 | -0.00275193
9 - 11 | 0.000919861
9 - 12 | 0.000580633
9 - 13 | -0.000358192
9 - 14 | 4.774e-07
9 - 15 | 0.00019799
9 - 16 | -0.00184116
9 - 17 | 0.00106866
9 - 18 | 0.000190613
9 - 19 | -0.000235061
9 - 20 | -0.000874527
9 - 21 | 4.08542e-06
9 - 22 | 1.75235e-06
9 - 23 | 0.000933415
9 - 24 | -0.000164091
9 - 25 | -0.00154824
9 - 26 | 0.00265395
9 - 27 | 0.000154698
9 - 28 | -0.000977397
9 - 29 | 2.41571e-06
9 - 30 | 7.47418e-05
9 - 31 | 0.000154328
9 - 32 | 0.000280553
9 - 33 | 0.000205125
9 - 34 | 0.000320244
9 - 35 | 0.000789175
9 - 36 | -0.000110907
9 - 37 | 0.000166101
9 - 38 | -1.60177e-06
9 - 39 | -0.000278829
9 - 40 | 0.000974273
9 - 41 | -1.13999e-05
9 - 42 | -0.00065574
9 - 43 | 0.000662278
9 - 44 | -0.000120418
9 - 45 | 9.73889e-05
9 - 46 | -4.50704e-06
9 - 47 | 0.000210028
9 - 48 | 9.07549e-05
9 - 49 | -0.00060548
9 - 50 | 0.000524784
9 - 51 | 0.00168505
9 - 52 | -0.000392185
9 - 53 | -0.000561656
9 - 54 | 0.000319068
9 - 55 | -0.000220946
9 - 56 | -5.12215e-05
9 - 57 | 9.86054e-06
9 - 58 | -0.000175704
9 - 59 | 0.0010963
9 - 60 | 0.000231749
9 - 61 | 0.000489087
9 - 62 | 0.000310758
9 - 63 | 5.06005e-06
9 - 64 | 7.56009e-05
9 - 65 | -1.76519e-05
9 - 66 | -6.18283e-06
10 - 0 | -0.000304671
10 - 1 | 3.94766e-05
10 - 2 | -6.17083e-08
10 - 3 | -1.23666e-05
10 - 4 | 0.000334213
10 - 5 | -0.000593638
10 - 6 | 0.000108715
10 - 7 | 7.47126e-07
10 - 8 | -0.000179975
10 - 9 | -0.00275193
10 - 10 | 0.0084065
10 - 11 | -0.00305333
10 - 12 | 0.000532676
10 - 13 | -0.000174295
10 - 14 | 9.32147e-07
10 - 15 | 0.000468134
10 - 16 | 0.000566272
10 - 17 | -0.00145595
10 - 18 | -1.88293e-05
10 - 19 | 0.000827411
10 - 20 | -0.000597395
10 - 21 | 1.44101e-06
10 - 22 | -0.00103295
10 - 23 | -0.00135489
10 - 24 | -0.000221059
10 - 25 | 0.000435571
10 - 26 | -0.00160388
10 - 27 | -0.000239598
10 - 28 | 0.000107048
10 - 29 | 6.53077e-06
10 - 30 | 7.49138e-05
10 - 31 | 0.000116953
10 - 32 | -0.000952174
10 - 33 | 0.000612425
10 - 34 | -1.55164e-05
10 - 35 | -0.000369224
10 - 36 | -0.000531505
10 - 37 | 0.000305946
10 - 38 | -1.35789e-06
10 - 39 | 0.000589704
10 - 40 | 0.00042701
10 - 41 | -0.00277694
10 - 42 | 0.0016764
10 - 43 | 0.00202816
10 - 44 | -0.000596729
10 - 45 | -7.74938e-05
10 - 46 | -3.62954e-06
10 - 47 | -0.000248435
10 - 48 | -8.08373e-05
10 - 49 | 0.00102227
10 - 50 | -0.000282387
10 - 51 | -0.000185413
10 - 52 | 0.000897014
10 - 53 | 0.0013653
10 - 54 | -0.000435289
10 - 55 | 0.00020481
10 - 56 | -0.000179101
10 - 57 | 3.7706e-06
10 - 58 | -3.10495e-05
10 - 59 | 0.000194393
10 - 60 | 0.000489952
10 - 61 | 0.00100297
10 - 62 | -0.000768099
10 - 63 | 7.46693e-05
10 - 64 | -0.000855579
10 - 65 | 6.3457e-05
10 - 66 | 4.02926e-06
11 - 0 | -6.33029e-05
11 - 1 | -0.000550882
11 - 2 | 1.31302e-06
11 - 3 | 9.36239e-05
11 - 4 | 0.000424319
11 - 5 | -6.70856e-05
11 - 6 | -0.000162587
11 - 7 | 8.18761e-07
11 - 8 | -0.000236599
11 - 9 | 0.000919861
11 - 10 | -0.00305333
11 - 11 | 0.0106671
11 - 12 | -0.00384949
11 - 13 | 0.000648751
11 - 14 | -1.01241e-06
11 - 15 | 0.000287932
11 - 16 | -0.000479965
11 - 17 | 0.00103881
11 - 18 | -0.00154918
11 - 19 | 0.000506444
11 - 20 | 3.72598e-05
11 - 21 | -1.3865e-06
11 - 22 | 0.00029401
11 - 23 | 0.000510803
11 - 24 | -0.000828021
11 - 25 | -6.48847e-05
11 - 26 | 0.00170803
11 - 27 | 0.000819606
11 - 28 | -0.000326447
11 - 29 | -4.94355e-06
11 - 30 | 9.77606e-06
11 - 31 | 0.000416443
11 - 32 | -0.000823261
11 - 33 | -0.000677603
11 - 34 | -0.000580821
11 - 35 | 0.00152752
11 - 36 | -0.000600639
11 - 37 | 0.000410293
11 - 38 | -1.32962e-06
11 - 39 | -0.000166415
11 - 40 | 0.00105818
11 - 41 | 0.0022318
11 - 42 | -0.00146036
11 - 43 | 0.00125158
11 - 44 | -0.000355184
11 - 45 | -0.000200667
11 - 46 | 8.75339e-06
11 - 47 | 0.000156595
11 - 48 | -0.000380813
11 - 49 | -0.0011606
11 - 50 | 0.00287388
11 - 51 | -0.00166782
11 - 52 | -0.000716015
11 - 53 | -0.000359032
11 - 54 | 0.00105909
11 - 55 | -6.1647e-05
11 - 56 | 0.00040625
11 - 57 | -2.00457e-05
11 - 58 | -0.000293127
11 - 59 | 0.000381987
11 - 60 | -0.000440522
11 - 61 | -0.000205193
11 - 62 | 0.00019245
11 - 63 | -0.000710998
11 - 64 | 0.00112152
11 - 65 | -0.000285543
11 - 66 | 2.81679e-06
12 - 0 | -0.000460353
12 - 1 | 0.000856473
12 - 2 | -9.1357e-07
12 - 3 | -7.1205e-05
12 - 4 | 7.09615e-05
12 - 5 | 0.000111509
12 - 6 | -0.000233273
12 - 7 | -1.5314e-06
12 - 8 | -0.000144474
12 - 9 | 0.000580633
12 - 10 | 0.000532676
12 - 11 | -0.00384949
12 - 12 | 0.00994476
12 - 13 | -0.00396167
12 - 14 | 4.46138e-06
12 - 15 | 0.0005496
12 - 16 | -0.000307377
12 - 17 | -0.000877491
12 - 18 | 0.0016855
12 - 19 | -0.00163999
12 - 20 | 0.000439766
12 - 21 | 2.93127e-07
12 - 22 | -0.000800596
12 - 23 | -0.000449311
12 - 24 | 0.0011256
12 - 25 | -0.00201788
12 - 26 | 5.99353e-05
12 - 27 | 0.000865678
12 - 28 | -0.00086121
12 - 29 | 8.38633e-06
12 - 30 | 0.000363888
12 - 31 | 0.000331726
12 - 32 | -0.000899587
12 - 33 | 0.00237113
12 - 34 | 0.00146016
12 - 35 | -0.00214849
12 - 36 | 1.39117e-05
12 - 37 | -0.00019756
12 - 38 | 3.14012e-06
12 - 39 | 8.3725e-05
12 - 40 | 0.000926604
12 - 41 | -0.000150761
12 - 42 | -0.00216283
12 - 43 | 0.000950323
12 - 44 | -0.000126211
12 - 45 | -8.24474e-05
12 - 46 | -1.22519e-06
12 - 47 | -0.00022975
12 - 48 | -0.000306893
12 - 49 | -0.00119489
12 - 50 | -0.00152077
12 - 51 | 0.00055688
12 - 52 | 0.000354276
12 - 53 | 2.52412e-05
12 - 54 | -0.000412167
12 - 55 | 0.000564856
12 - 56 | -0.00021463
12 - 57 | -2.81601e-06
12 - 58 | 0.000470026
12 - 59 | -0.000173612
12 - 60 | 0.00129189
12 - 61 | -0.00134296
12 - 62 | 5.65061e-05
12 - 63 | 0.000815548
12 - 64 | -0.000877752
12 - 65 | -0.000147026
12 - 66 | 1.9353e-05
13 - 0 | 0.000221503
13 - 1 | -0.000593963
13 - 2 | 7.02087e-07
13 - 3 | -8.18778e-05
13 - 4 | 0.000251818
13 - 5 | -0.000359597
13 - 6 | 0.000320399
13 - 7 | -7.95481e-08
13 - 8 | -0.000100937
13 - 9 | -0.000358192
13 - 10 | -0.000174295
13 - 11 | 0.000648751
13 - 12 | -0.00396167
13 - 13 | 0.00433256
13 - 14 | -4.89972e-06
13 - 15 | -0.000381108
13 - 16 | 1.74833e-05
13 - 17 | 0.000383458
13 - 18 | -0.000911636
13 - 19 | 0.000863777
13 - 20 | -0.000565702
13 - 21 | 9.21934e-08
13 - 22 | 2.08971e-05
13 - 23 | 0.000619027
13 - 24 | -0.000725475
13 - 25 | -0.000732338
13 - 26 | 0.000124956
13 - 27 | -0.000405768
13 - 28 | 0.000415386
13 - 29 | -5.61552e-06
13 - 30 | -0.000223464
13 - 31 | 0.000461529
13 - 32 | 0.000886777
13 - 33 | -0.000320011
13 - 34 | 0.000292116
13 - 35 | -0.000135328
13 - 36 | 0.000592231
13 - 37 | 0.000132814
13 - 38 | 2.18539e-06
13 - 39 | -0.000194276
13 - 40 | -0.00121654
13 - 41 | -0.00132155
13 - 42 | 0.00145079
13 - 43 | 0.000133757
13 - 44 | -0.000140347
13 - 45 | 9.02478e-06
13 - 46 | -2.20965e-07
13 - 47 | 0.000157858
13 - 48 | 0.000549214
13 - 49 | 0.000630751
13 - 50 | -0.000622756
13 - 51 | 0.000126186
13 - 52 | 0.000146413
13 - 53 | -0.000186029
13 - 54 | 0.000139681
13 - 55 | -0.00042984
13 - 56 | 9.30876e-06
13 - 57 | 9.43173e-08
13 - 58 | -0.000306288
13 - 59 | 0.000232199
13 - 60 | -0.00141124
13 - 61 | 0.00129283
13 - 62 | -1.13229e-05
13 - 63 | -0.000262793
13 - 64 | 0.000138252
13 - 65 | 4.27751e-05
13 - 66 | -1.55036e-05
14 - 0 | -3.20515e-08
14 - 1 | -6.40936e-07
14 - 2 | 1.54522e-10
14 - 3 | -2.97295e-07
14 - 4 | -2.2616e-07
14 - 5 | 3.21116e-07
14 - 6 | -1.48913e-07
14 - 7 | -2.01821e-09
14 - 8 | 1.18375e-06
14 - 9 | 4.774e-07
14 - 10 | 9.32147e-07
14 - 11 | -1.01241e-06
14 - 12 | 4.46138e-06
14 - 13 | -4.89972e-06
14 - 14 | 6.30528e-08
14 - 15 | 1.42733e-06
14 - 16 | 2.89378e-07
14 - 17 | -6.05911e-06
14 - 18 | 4.92776e-06
14 - 19 | -3.47498e-06
14 - 20 | 3.36798e-07
14 - 21 | -8.48533e-09
14 - 22 | -1.44355e-06
14 - 23 | -1.04028e-06
14 - 24 | -4.61046e-08
14 - 25 | 2.87599e-06
14 - 26 | -4.62142e-06
14 - 27 | 1.78107e-06
14 - 28 | 3.41535e-06
14 - 29 | -1.58393e-09
14 - 30 | 1.2565e-06
14 - 31 | -4.91645e-07
14 - 32 | -3.37001e-06
14 - 33 | 3.53179e-06
14 - 34 | 6.52899e-07
14 - 35 | 4.2613e-06
14 - 36 | 1.39181e-07
14 - 37 | -3.48542e-07
14 - 38 | 8.6829e-09
14 - 39 | -3.37977e-07
14 - 40 | 6.04669e-06
14 - 41 | 1.17003e-07
14 - 42 | -6.45243e-06
14 - 43 | 5.68138e-06
14 - 44 | 5.86352e-08
14 - 45 | 3.05251e-07
14 - 46 | 2.24813e-08
14 - 47 | 1.28766e-07
14 - 48 | -1.55245e-06
14 - 49 | 4.48124e-06
14 - 50 | -1.02111e-06
14 - 51 | -6.18393e-07
14 - 52 | -3.21775e-07
14 - 53 | -8.46803e-07
14 - 54 | 1.96144e-06
14 - 55 | -3.45166e-07
14 - 56 | 1.1784e-07
14 - 57 | 3.63774e-08
14 - 58 | 3.74962e-07
14 - 59 | -2.28045e-06
14 - 60 | 4.86011e-06
14 - 61 | -1.72479e-06
14 - 62 | 8.08604e-07
14 - 63 | 9.84834e-07
14 - 64 | -9.24173e-07
14 - 65 | 9.17085e-07
14 - 66 | 7.29792e-09
15 - 0 | -8.59966e-05
15 - 1 | -0.000105557
15 - 2 | -9.50437e-08
15 - 3 | 7.76432e-05
15 - 4 | 3.56391e-05
15 - 5 | -0.000116333
15 - 6 | 4.74832e-05
15 - 7 | -1.3727e-07
15 - 8 | -0.000185844
15 - 9 | 0.00019799
15 - 10 | 0.000468134
15 - 11 | 0.000287932
15 - 12 | 0.0005496
15 - 13 | -0.000381108
15 - 14 | 1.42733e-06
15 - 15 | 0.000877239
15 - 16 | -0.000283153
15 - 17 | 2.79428e-05
15 - 18 | -0.000546498
15 - 19 | 4.72511e-05
15 - 20 | 6.63864e-05
15 - 21 | 5.03855e-07
15 - 22 | -0.000527465
15 - 23 | -0.000196713
15 - 24 | 0.000294475
15 - 25 | 0.000143296
15 - 26 | 0.000265837
15 - 27 | -9.19197e-05
15 - 28 | 1.01771e-05
15 - 29 | -4.85678e-07
15 - 30 | 0.000102196
15 - 31 | -5.26355e-05
15 - 32 | -0.000366734
15 - 33 | 0.000426202
15 - 34 | -0.000144803
15 - 35 | 0.000289882
15 - 36 | -0.000322441
15 - 37 | 8.48988e-05
15 - 38 | 9.68137e-07
15 - 39 | 0.000250261
15 - 40 | -4.28689e-05
15 - 41 | 5.44965e-05
15 - 42 | 7.721e-05
15 - 43 | 1.14625e-05
15 - 44 | -0.000138979
15 - 45 | -3.8372e-05
15 - 46 | -1.39151e-06
15 - 47 | 5.19698e-05
15 - 48 | 0.000189922
15 - 49 | 0.000618346
15 - 50 | -0.000284877
15 - 51 | 0.000925514
15 - 52 | -0.00026462
15 - 53 | 0.000336877
15 - 54 | -2.71137e-05
15 - 55 | 0.000177617
15 - 56 | 2.26164e-05
15 - 57 | -1.96813e-06
15 - 58 | -5.36863e-05
15 - 59 | 0.000547497
15 - 60 | 2.10395e-05
15 - 61 | 0.0001149
15 - 62 | -0.00014181
15 - 63 | -3.1599e-05
15 - 64 | -5.14717e-05
15 - 65 | -6.65829e-05
15 - 66 | 3.22985e-06
16 - 0 | 0.000108993
16 - 1 | -0.000318326
16 - 2 | 2.6918e-07
16 - 3 | -4.15838e-05
16 - 4 | -2.15429e-07
16 - 5 | 0.000342595
16 - 6 | -0.000413903
16 - 7 | 8.00636e-07
16 - 8 | 0.000354347
16 - 9 | -0.00184116
16 - 10 | 0.000566272
16 - 11 | -0.000479965
16 - 12 | -0.000307377
16 - 13 | 1.74833e-05
16 - 14 | 2.89378e-07
16 - 15 | -0.000283153
16 - 16 | 0.00395505
16 - 17 | -0.0016597
16 - 18 | 0.00021632
16 - 19 | -6.74977e-05
16 - 20 | 9.33501e-05
16 - 21 | -1.21812e-07
16 - 22 | -0.0001559
16 - 23 | 3.04116e-05
16 - 24 | -0.00021467
16 - 25 | 0.000381233
16 - 26 | -0.00154126
16 - 27 | -0.000731973
16 - 28 | 0.000736235
16 - 29 | -2.38843e-06
16 - 30 | -0.000216692
16 - 31 | 0.00011808
16 - 32 | -0.000381061
16 - 33 | -0.00119785
16 - 34 | -0.000998275
16 - 35 | 0.0001074
16 - 36 | -9.07696e-05
16 - 37 | -0.000102517
16 - 38 | 2.50103e-06
16 - 39 | 5.93249e-05
16 - 40 | 7.68909e-05
16 - 41 | 0.00071425
16 - 42 | 0.00110985
16 - 43 | -0.000122564
16 - 44 | -0.000150513
16 - 45 | -2.69659e-05
16 - 46 | -3.16097e-06
16 - 47 | 0.000163704
16 - 48 | -0.000278265
16 - 49 | -0.000149601
16 - 50 | -0.00120411
16 - 51 | -1.13296e-05
16 - 52 | -0.000306405
16 - 53 | 0.000105632
16 - 54 | 9.67372e-05
16 - 55 | 4.65308e-05
16 - 56 | 3.69956e-05
16 - 57 | -8.58979e-06
16 - 58 | -0.000326366
16 - 59 | -0.000826005
16 - 60 | 0.000244163
16 - 61 | -0.000115744
16 - 62 | 0.000113214
16 - 63 | 7.8147e-05
16 - 64 | 6.78598e-05
16 - 65 | 0.000280015
16 - 66 | -3.54645e-06
17 - 0 | -0.00010104
17 - 1 | 0.000219326
17 - 2 | -2.24957e-06
17 - 3 | 0.000612481
17 - 4 | -0.000716354
17 - 5 | 7.47662e-05
17 - 6 | 0.000747606
17 - 7 | -2.16253e-06
17 - 8 | -0.000401006
17 - 9 | 0.00106866
17 - 10 | -0.00145595
17 - 11 | 0.00103881
17 - 12 | -0.000877491
17 - 13 | 0.000383458
17 - 14 | -6.05911e-06
17 - 15 | 2.79428e-05
17 - 16 | -0.0016597
17 - 17 | 0.00919001
17 - 18 | -0.00530055
17 - 19 | 0.00213626
17 - 20 | 2.82446e-05
17 - 21 | -1.29891e-06
17 - 22 | -6.33837e-05
17 - 23 | -0.00123048
17 - 24 | -0.00136289
17 - 25 | -6.75138e-05
17 - 26 | 0.00110705
17 - 27 | -0.000322492
17 - 28 | -0.000931973
17 - 29 | -3.72548e-06
17 - 30 | -0.000681503
17 - 31 | 0.000127871
17 - 32 | 0.000554608
17 - 33 | 0.000618276
17 - 34 | -9.02327e-05
17 - 35 | 0.000306552
17 - 36 | -0.00038703
17 - 37 | -0.000122566
17 - 38 | 5.34133e-07
17 - 39 | -6.13023e-05
17 - 40 | -0.00113773
17 - 41 | 0.000388542
17 - 42 | -0.000208197
17 - 43 | -0.000792091
17 - 44 | -0.000143737
17 - 45 | -7.18885e-06
17 - 46 | -6.36059e-06
17 - 47 | 0.000308974
17 - 48 | 0.000218448
17 - 49 | 0.00174717
17 - 50 | -0.000248358
17 - 51 | -7.54329e-05
17 - 52 | 0.00028307
17 - 53 | 6.56908e-05
17 - 54 | 0.000524927
17 - 55 | -0.000683503
17 - 56 | 0.000134848
17 - 57 | -6.08898e-06
17 - 58 | -8.9712e-05
17 - 59 | -9.65512e-05
17 - 60 | -0.000839052
17 - 61 | 0.000375987
17 - 62 | -0.000392435
17 - 63 | 9.08707e-05
17 - 64 | 0.000357668
17 - 65 | 6.94617e-05
17 - 66 | -2.04011e-05
18 - 0 | 0.000354969
18 - 1 | -7.74877e-05
18 - 2 | 1.98158e-06
18 - 3 | -0.000256669
18 - 4 | 0.000516972
18 - 5 | -0.000443581
18 - 6 | -0.000228606
18 - 7 | 8.13469e-07
18 - 8 | 1.17741e-05
18 - 9 | 0.000190613
18 - 10 | -1.88293e-05
18 - 11 | -0.00154918
18 - 12 | 0.0016855
18 - 13 | -0.000911636
18 - 14 | 4.92776e-06
18 - 15 | -0.000546498
18 - 16 | 0.00021632
18 - 17 | -0.00530055
18 - 18 | 0.0114521
18 - 19 | -0.007776
18 - 20 | 0.00276377
18 - 21 | 1.92342e-06
18 - 22 | 0.000606081
18 - 23 | -0.00157729
18 - 24 | 0.0019018
18 - 25 | -0.00443817
18 - 26 | 0.00364814
18 - 27 | -0.000782356
18 - 28 | 0.000620072
18 - 29 | -9.86867e-07
18 - 30 | 0.000987519
18 - 31 | -0.00017697
18 - 32 | 0.000619675
18 - 33 | 0.000914353
18 - 34 | 0.00166006
18 - 35 | -0.00155462
18 - 36 | 0.00104601
18 - 37 | -0.000205066
18 - 38 | 4.89608e-07
18 - 39 | -2.99606e-06
18 - 40 | -0.00116519
18 - 41 | 0.000171126
18 - 42 | -0.000837038
18 - 43 | 0.00205048
18 - 44 | 0.000156744
18 - 45 | 0.000100932
18 - 46 | -7.9841e-06
18 - 47 | -0.000444371
18 - 48 | -1.74306e-05
18 - 49 | -0.00254707
18 - 50 | -0.000153057
18 - 51 | 0.000189893
18 - 52 | -1.75129e-05
18 - 53 | -0.000261094
18 - 54 | 0.000502871
18 - 55 | 0.000281811
18 - 56 | -0.000154628
18 - 57 | -1.95561e-06
18 - 58 | 0.000597467
18 - 59 | 4.13913e-05
18 - 60 | 0.000923966
18 - 61 | -0.000586587
18 - 62 | 0.000253872
18 - 63 | -0.000287038
18 - 64 | -0.000170642
18 - 65 | -6.08128e-05
18 - 66 | 2.22695e-07
19 - 0 | -0.000879364
19 - 1 | 0.000576856
19 - 2 | -8.69222e-07
19 - 3 | -0.000115608
19 - 4 | -0.000397459
19 - 5 | 0.000221971
19 - 6 | -0.000161311
19 - 7 | 1.85413e-06
19 - 8 | 0.000101515
19 - 9 | -0.000235061
19 - 10 | 0.000827411
19 - 11 | 0.000506444
19 - 12 | -0.00163999
19 - 13 | 0.000863777
19 - 14 | -3.47498e-06
19 - 15 | 4.72511e-05
19 - 16 | -6.74977e-05
19 - 17 | 0.00213626
19 - 18 | -0.007776
19 - 19 | 0.0151318
19 - 20 | -0.00693812
19 - 21 | 2.07208e-06
19 - 22 | -0.00023681
19 - 23 | 0.00172657
19 - 24 | -0.00155112
19 - 25 | 0.00451137
19 - 26 | -0.0056829
19 - 27 | -0.00103817
19 - 28 | 0.000664861
19 - 29 | -7.40072e-07
19 - 30 | -0.00110834
19 - 31 | 0.000864104
19 - 32 | -0.00224445
19 - 33 | -0.00273118
19 - 34 | 0.000896442
19 - 35 | -9.77697e-07
19 - 36 | -0.00156387
19 - 37 | 0.000494097
19 - 38 | -2.25904e-06
19 - 39 | -2.05755e-05
19 - 40 | 0.00261181
19 - 41 | -0.000682944
19 - 42 | 0.000808833
19 - 43 | -0.00429118
19 - 44 | 0.000448244
19 - 45 | -2.10496e-05
19 - 46 | -1.20059e-06
19 - 47 | 0.000150826
19 - 48 | 0.000150589
19 - 49 | 0.00183782
19 - 50 | -0.000320383
19 - 51 | 0.00236934
19 - 52 | -0.00103611
19 - 53 | 0.000500229
19 - 54 | -0.000629676
19 - 55 | -0.000183191
19 - 56 | 0.000269967
19 - 57 | -5.82643e-06
19 - 58 | -0.00021251
19 - 59 | 0.000328317
19 - 60 | -0.00087267
19 - 61 | 0.00120583
19 - 62 | -0.000322013
19 - 63 | 0.000130964
19 - 64 | 0.000121712
19 - 65 | -8.94801e-05
19 - 66 | -1.94635e-05
20 - 0 | 0.000457545
20 - 1 | 0.000376093
20 - 2 | -7.9716e-07
20 - 3 | 0.000271274
20 - 4 | 0.000240819
20 - 5 | -5.60164e-06
20 - 6 | 0.000430162
20 - 7 | -1.82838e-06
20 - 8 | -0.000107083
20 - 9 | -0.000874527
20 - 10 | -0.000597395
20 - 11 | 3.72598e-05
20 - 12 | 0.000439766
20 - 13 | -0.000565702
20 - 14 | 3.36798e-07
20 - 15 | 6.63864e-05
20 - 16 | 9.33501e-05
20 - 17 | 2.82446e-05
20 - 18 | 0.00276377
20 - 19 | -0.00693812
20 - 20 | 0.00808127
20 - 21 | -8.24778e-06
20 - 22 | 0.000215639
20 - 23 | -4.64821e-05
20 - 24 | 0.00123522
20 - 25 | -0.00174696
20 - 26 | 0.00251399
20 - 27 | -0.00135246
20 - 28 | -0.000768831
20 - 29 | 2.6703e-06
20 - 30 | 0.00047513
20 - 31 | 0.000257663
20 - 32 | 0.000296026
20 - 33 | -0.000177912
20 - 34 | -0.000953855
20 - 35 | -0.00094746
20 - 36 | 0.000986985
20 - 37 | -0.000472956
20 - 38 | 4.14376e-06
20 - 39 | -0.000234777
20 - 40 | -0.00162139
20 - 41 | 0.000993137
20 - 42 | -0.00024017
20 - 43 | 0.0015249
20 - 44 | -0.000138327
20 - 45 | 0.000372427
20 - 46 | -4.76947e-07
20 - 47 | 0.000246885
20 - 48 | -6.29398e-05
20 - 49 | -0.000948242
20 - 50 | -0.000598642
20 - 51 | 0.000114429
20 - 52 | 0.000374294
20 - 53 | 0.000157984
20 - 54 | 0.000227257
20 - 55 | 0.000504699
20 - 56 | 0.000141311
20 - 57 | -1.87938e-06
20 - 58 | 0.00027047
20 - 59 | -0.0012321
20 - 60 | 0.000782429
20 - 61 | 2.41347e-05
20 - 62 | -5.5742e-05
20 - 63 | -0.000334817
20 - 64 | 2.47543e-05
20 - 65 | 6.91949e-05
20 - 66 | 8.9077e-06
21 - 0 | -5.27117e-07
21 - 1 | -4.88532e-07
21 - 2 | 2.74338e-09
21 - 3 | -5.71796e-07
21 - 4 | -1.09867e-06
21 - 5 | 1.28002e-06
21 - 6 | -1.396e-07
21 - 7 | 3.34759e-09
21 - 8 | -1.17071e-06
21 - 9 | 4.08542e-06
21 - 10 | 1.44101e-06
21 - 11 | -1.3865e-06
21 - 12 | 2.93127e-07
21 - 13 | 9.21934e-08
21 - 14 | -8.48533e-09
21 - 15 | 5.03855e-07
21 - 16 | -1.21812e-07
21 - 17 | -1.29891e-06
21 - 18 | 1.92342e-06
21 - 19 | 2.07208e-06
21 - 20 | -8.24778e-06
21 - 21 | 8.99732e-08
21 - 22 | -1.31517e-06
21 - 23 | -1.06228e-06
21 - 24 | -3.38797e-06
21 - 25 | 4.4089e-06
21 - 26 | -5.30538e-07
21 - 27 | 7.4641e-06
21 - 28 | -5.15358e-06
21 - 29 | -1.18967e-08
21 - 30 | -7.80527e-07
21 - 31 | 4.06591e-07
21 - 32 | -1.38943e-06
21 - 33 | 2.54034e-06
21 - 34 | -1.74525e-06
21 - 35 | -6.20062e-06
21 - 36 | 2.70113e-06
21 - 37 | 1.45206e-06
21 - 38 | 3.59988e-09
21 - 39 | 8.38436e-07
21 - 40 | -1.26715e-06
21 - 41 | -7.37455e-07
21 - 42 | 3.88152e-07
21 - 43 | -1.39542e-06
21 - 44 | -1.56092e-06
21 - 45 | -8.74229e-07
21 - 46 | -1.56641e-08
21 - 47 | -1.68614e-06
21 - 48 | 8.43078e-07
21 - 49 | -1.68404e-06
21 - 50 | 3.98867e-07
21 - 51 | 3.31318e-06
21 - 52 | -4.98343e-07
21 - 53 | -2.80573e-06
21 - 54 | 2.71713e-06
21 - 55 | 1.03603e-07
21 - 56 | -1.73322e-07
21 - 57 | 2.77322e-09
21 - 58 | 8.93934e-07
21 - 59 | 1.85852e-06
21 - 60 | 2.61018e-06
21 - 61 | -2.93325e-06
21 - 62 | 4.03071e-08
21 - 63 | 7.77066e-07
21 - 64 | -7.84239e-07
21 - 65 | -5.25479e-08
21 - 66 | 5.87908e-08
22 - 0 | 0.000173525
22 - 1 | -4.09137e-05
22 - 2 | 1.29266e-06
22 - 3 | -0.000141333
22 - 4 | -0.000112117
22 - 5 | 4.94299e-05
22 - 6 | -0.00022717
22 - 7 | 1.07632e-06
22 - 8 | 0.000124775
22 - 9 | 1.75235e-06
22 - 10 | -0.00103295
22 - 11 | 0.00029401
22 - 12 | -0.000800596
22 - 13 | 2.08971e-05
22 - 14 | -1.44355e-06
22 - 15 | -0.000527465
22 - 16 | -0.0001559
22 - 17 | -6.33837e-05
22 - 18 | 0.000606081
22 - 19 | -0.00023681
22 - 20 | 0.000215639
22 - 21 | -1.31517e-06
22 - 22 | 0.00257451
22 - 23 | -3.92296e-05
22 - 24 | -0.00046466
22 - 25 | -0.000659706
22 - 26 | 0.00127957
22 - 27 | -0.000258372
22 - 28 | 9.09193e-05
22 - 29 | -6.94384e-07
22 - 30 | -0.000553558
22 - 31 | 4.9355e-05
22 - 32 | 1.55769e-05
22 - 33 | -0.000757064
22 - 34 | -0.000303716
22 - 35 | 1.07951e-05
22 - 36 | -8.56018e-06
22 - 37 | 3.74402e-05
22 - 38 | -2.26174e-07
22 - 39 | -1.74036e-06
22 - 40 | 0.000128153
22 - 41 | 0.00113528
22 - 42 | 0.000332274
22 - 43 | -0.00103838
22 - 44 | 0.000124386
22 - 45 | 7.07014e-05
22 - 46 | 7.51027e-06
22 - 47 | 5.59551e-06
22 - 48 | -0.000167519
22 - 49 | -0.000294966
22 - 50 | -0.000230722
22 - 51 | 0.000792615
22 - 52 | -0.000342938
22 - 53 | -0.00053394
22 - 54 | -7.11019e-05
22 - 55 | -3.92762e-05
22 - 56 | 0.000121146
22 - 57 | -1.04297e-05
22 - 58 | 0.000106216
22 - 59 | 0.000351966
22 - 60 | 4.25728e-05
22 - 61 | -0.000330376
22 - 62 | -8.9452e-06
22 - 63 | -1.19324e-05
22 - 64 | 7.81303e-05
22 - 65 | 8.36649e-05
22 - 66 | -6.87809e-07
23 - 0 | -0.000153502
23 - 1 | 3.65371e-05
23 - 2 | 1.25125e-07
23 - 3 | -0.000472624
23 - 4 | 0.000499098
23 - 5 | 0.000165009
23 - 6 | 6.26952e-05
23 - 7 | 5.65206e-07
23 - 8 | 0.000425139
23 - 9 | 0.000933415
23 - 10 | -0.00135489
23 - 11 | 0.000510803
23 - 12 | -0.000449311
23 - 13 | 0.000619027
23 - 14 | -1.04028e-06
23 - 15 | -0.000196713
23 - 16 | 3.04116e-05
23 - 17 | -0.00123048
23 - 18 | -0.00157729
23 - 19 | 0.00172657
23 - 20 | -4.64821e-05
23 - 21 | -1.06228e-06
23 - 22 | -3.92296e-05
23 - 23 | 0.00779607
23 - 24 | -0.00452911
23 - 25 | 0.00121914
23 - 26 | -0.000480632
23 - 27 | 0.000189922
23 - 28 | -0.000149145
23 - 29 | 1.25837e-06
23 - 30 | 0.000290873
23 - 31 | -0.000720368
23 - 32 | 0.000936539
23 - 33 | -0.00105296
23 - 34 | -0.000822017
23 - 35 | 0.000314109
23 - 36 | -0.000172771
23 - 37 | 6.02519e-05
23 - 38 | 7.40969e-07
23 - 39 | -0.000224626
23 - 40 | 0.000740325
23 - 41 | 0.000941349
23 - 42 | -0.000682213
23 - 43 | 0.000972125
23 - 44 | -5.42162e-05
23 - 45 | 0.000148227
23 - 46 | 1.02706e-05
23 - 47 | 0.00016045
23 - 48 | -0.000417123
23 - 49 | 0.000316036
23 - 50 | 0.000500047
23 - 51 | 0.000794297
23 - 52 | -0.000180309
23 - 53 | -0.000730193
23 - 54 | -0.000181947
23 - 55 | -7.74731e-05
23 - 56 | 5.81003e-05
23 - 57 | 1.29071e-05
23 - 58 | -0.000150732
23 - 59 | -0.000187464
23 - 60 | 1.35792e-05
23 - 61 | 0.00108029
23 - 62 | -0.00029753
23 - 63 | -1.92085e-05
23 - 64 | 0.00049076
23 - 65 | -0.000104565
23 - 66 | -2.98853e-06
24 - 0 | 0.00088721
24 - 1 | -0.000289591
24 - 2 | 4.45093e-07
24 - 3 | 0.000410193
24 - 4 | -0.000656465
24 - 5 | -0.000114604
24 - 6 | 3.99325e-05
24 - 7 | -8.63756e-07
24 - 8 | -0.00127509
24 - 9 | -0.000164091
24 - 10 | -0.000221059
24 - 11 | -0.000828021
24 - 12 | 0.0011256
24 - 13 | -0.000725475
24 - 14 | -4.61046e-08
24 - 15 | 0.000294475
24 - 16 | -0.00021467
24 - 17 | -0.00136289
24 - 18 | 0.0019018
24 - 19 | -0.00155112
24 - 20 | 0.00123522
24 - 21 | -3.38797e-06
24 - 22 | -0.00046466
24 - 23 | -0.00452911
24 - 24 | 0.0140014
24 - 25 | -0.00408412
24 - 26 | 0.000589874
24 - 27 | -0.00165112
24 - 28 | 0.001192
24 - 29 | 3.50945e-06
24 - 30 | -0.000108562
24 - 31 | -0.000843469
24 - 32 | -0.00175324
24 - 33 | 0.0016247
24 - 34 | 0.000981128
24 - 35 | 0.00105229
24 - 36 | -0.000240819
24 - 37 | -0.000142551
24 - 38 | -9.44472e-07
24 - 39 | 0.000686322
24 - 40 | -0.00180887
24 - 41 | -0.00150673
24 - 42 | 0.00132999
24 - 43 | -0.00277916
24 - 44 | 0.000737653
24 - 45 | 9.69047e-05
24 - 46 | -1.50873e-05
24 - 47 | -0.000322518
24 - 48 | 0.000841226
24 - 49 | -0.00019228
24 - 50 | -0.00125399
24 - 51 | 0.0018682
24 - 52 | -0.00153436
24 - 53 | 0.00183165
24 - 54 | -0.00181576
24 - 55 | 0.000337711
24 - 56 | -6.88099e-05
24 - 57 | -1.63537e-05
24 - 58 | -0.000187977
24 - 59 | 0.000169519
24 - 60 | -0.000519021
24 - 61 | 0.000501644
24 - 62 | 0.000252502
24 - 63 | -0.000127646
24 - 64 | -0.00052185
24 - 65 | -0.00031636
24 - 66 | 3.13315e-05
25 - 0 | -0.00028584
25 - 1 | -0.000129428
25 - 2 | -1.55345e-06
25 - 3 | 0.000101849
25 - 4 | 0.000230684
25 - 5 | 0.000431148
25 - 6 | -0.000692846
25 - 7 | 6.89135e-07
25 - 8 | 0.000666493
25 - 9 | -0.00154824
25 - 10 | 0.000435571
25 - 11 | -6.48847e-05
25 - 12 | -0.00201788
25 - 13 | -0.000732338
25 - 14 | 2.87599e-06
25 - 15 | 0.000143296
25 - 16 | 0.000381233
25 - 17 | -6.75138e-05
25 - 18 | -0.00443817
25 - 19 | 0.00451137
25 - 20 | -0.00174696
25 - 21 | 4.4089e-06
25 - 22 | -0.000659706
25 - 23 | 0.00121914
25 - 24 | -0.00408412
25 - 25 | 0.0235797
25 - 26 | -0.0160357
25 - 27 | 0.00907963
25 - 28 | -0.00241338
25 - 29 | -8.92857e-06
25 - 30 | -0.000495733
25 - 31 | 0.00042149
25 - 32 | 0.00217502
25 - 33 | -0.0102742
25 - 34 | 0.00173545
25 - 35 | -0.002297
25 - 36 | -0.000823505
25 - 37 | 0.00106198
25 - 38 | -1.34376e-07
25 - 39 | 5.7619e-05
25 - 40 | -0.0027706
25 - 41 | 0.00356343
25 - 42 | -0.000593615
25 - 43 | -0.000860958
25 - 44 | 0.000854902
25 - 45 | -0.000175153
25 - 46 | 9.92157e-06
25 - 47 | 0.000648473
25 - 48 | -9.30735e-06
25 - 49 | 0.000528283
25 - 50 | 0.00178073
25 - 51 | 0.000572578
25 - 52 | -0.000150491
25 - 53 | -0.000146005
25 - 54 | 7.039e-05
25 - 55 | 2.25443e-05
25 - 56 | 0.000218077
25 - 57 | 1.35492e-06
25 - 58 | -8.88367e-05
25 - 59 | 7.89343e-05
25 - 60 | 0.00194039
25 - 61 | -0.00124172
25 - 62 | 1.53043e-05
25 - 63 | 0.000231687
25 - 64 | -0.00097647
25 - 65 | 0.000593744
25 - 66 | -1.78601e-05
26 - 0 | 0.000291514
26 - 1 | 8.77669e-05
26 - 2 | -2.3102e-07
26 - 3 | 9.58373e-05
26 - 4 | -0.000333048
26 - 5 | -2.49218e-05
26 - 6 | 0.000716308
26 - 7 | -2.37845e-07
26 - 8 | -0.00085617
26 - 9 | 0.00265395
26 - 10 | -0.00160388
26 - 11 | 0.00170803
26 - 12 | 5.99353e-05
26 - 13 | 0.000124956
26 - 14 | -4.62142e-06
26 - 15 | 0.000265837
26 - 16 | -0.00154126
26 - 17 | 0.00110705
26 - 18 | 0.00364814
26 - 19 | -0.0056829
26 - 20 | 0.00251399
26 - 21 | -5.30538e-07
26 - 22 | 0.00127957
26 - 23 | -0.000480632
26 - 24 | 0.000589874
26 - 25 | -0.0160357
26 - 26 | 0.0306291
26 - 27 | -0.0144743
26 - 28 | -0.000918179
26 - 29 | 1.5233e-05
26 - 30 | 0.000585108
26 - 31 | 9.65136e-06
26 - 32 | -0.000347161
26 - 33 | 0.0034652
26 - 34 | -0.00757817
26 - 35 | 0.00412273
26 - 36 | 0.00188886
26 - 37 | -0.000459865
26 - 38 | 1.00798e-06
26 - 39 | -0.0012564
26 - 40 | 0.00333303
26 - 41 | -0.00300386
26 - 42 | 0.00123776
26 - 43 | 0.00128501
26 - 44 | -0.00102807
26 - 45 | 0.000113765
26 - 46 | -1.49686e-05
26 - 47 | -0.000266188
26 - 48 | -0.00176703
26 - 49 | 0.00137135
26 - 50 | -0.00150148
26 - 51 | 0.00115463
26 - 52 | -0.000220444
26 - 53 | 0.000464594
26 - 54 | 0.000585711
26 - 55 | 5.19257e-05
26 - 56 | -0.000327656
26 - 57 | 3.78901e-06
26 - 58 | 0.000602474
26 - 59 | -0.00120506
26 - 60 | 0.00055049
26 - 61 | -0.00013562
26 - 62 | -0.000255192
26 - 63 | -0.00105668
26 - 64 | 0.000525938
26 - 65 | -0.000343702
26 - 66 | 3.94961e-05
27 - 0 | -0.000330838
27 - 1 | -0.000627427
27 - 2 | 2.80608e-06
27 - 3 | -0.000254233
27 - 4 | 0.000304098
27 - 5 | -0.000201982
27 - 6 | -0.000406586
27 - 7 | 9.46855e-07
27 - 8 | 0.00133802
27 - 9 | 0.000154698
27 - 10 | -0.000239598
27 - 11 | 0.000819606
27 - 12 | 0.000865678
27 - 13 | -0.000405768
27 - 14 | 1.78107e-06
27 - 15 | -9.19197e-05
27 - 16 | -0.000731973
27 - 17 | -0.000322492
27 - 18 | -0.000782356
27 - 19 | -0.00103817
27 - 20 | -0.00135246
27 - 21 | 7.4641e-06
27 - 22 | -0.000258372
27 - 23 | 0.000189922
27 - 24 | -0.00165112
27 - 25 | 0.00907963
27 - 26 | -0.0144743
27 - 27 | 0.0284511
27 - 28 | -0.00657045
27 - 29 | 7.1642e-06
27 - 30 | -3.75663e-05
27 - 31 | -0.000282031
27 - 32 | 0.00102954
27 - 33 | -0.00248985
27 - 34 | 0.00352729
27 - 35 | -0.00763113
27 - 36 | -0.000286074
27 - 37 | 0.000598607
27 - 38 | -1.31558e-06
27 - 39 | 0.000592211
27 - 40 | 0.000353547
27 - 41 | 9.58439e-08
27 - 42 | -0.00112537
27 - 43 | 0.00127808
27 - 44 | -0.000380602
27 - 45 | 0.000213025
27 - 46 | 9.19943e-06
27 - 47 | -0.000100254
27 - 48 | 0.00111352
27 - 49 | -0.00114656
27 - 50 | 0.00335091
27 - 51 | -0.000213954
27 - 52 | -0.00144706
27 - 53 | 0.000394567
27 - 54 | 0.000730822
27 - 55 | 4.39256e-05
27 - 56 | 7.57505e-05
27 - 57 | 1.57689e-05
27 - 58 | 0.000164704
27 - 59 | 0.00118756
27 - 60 | -0.00094417
27 - 61 | -2.14355e-05
27 - 62 | 0.000490289
27 - 63 | 0.000436994
27 - 64 | -0.000167683
27 - 65 | 7.11877e-05
27 - 66 | 2.19788e-06
28 - 0 | 0.000157696
28 - 1 | -0.000250951
28 - 2 | -6.49237e-07
28 - 3 | -0.000112231
28 - 4 | 0.000192633
28 - 5 | -0.000206271
28 - 6 | -0.00013737
28 - 7 | 2.69205e-07
28 - 8 | -0.000123019
28 - 9 | -0.000977397
28 - 10 | 0.000107048
28 - 11 | -0.000326447
28 - 12 | -0.00086121
28 - 13 | 0.000415386
28 - 14 | 3.41535e-06
28 - 15 | 1.01771e-05
28 - 16 | 0.000736235
28 - 17 | -0.000931973
28 - 18 | 0.000620072
28 - 19 | 0.000664861
28 - 20 | -0.000768831
28 - 21 | -5.15358e-06
28 - 22 | 9.09193e-05
28 - 23 | -0.000149145
28 - 24 | 0.001192
28 - 25 | -0.00241338
28 - 26 | -0.000918179
28 - 27 | -0.00657045
28 - 28 | 0.00704688
28 - 29 | -2.0611e-05
28 - 30 | 0.00010639
28 - 31 | 4.48874e-05
28 - 32 | -0.000126009
28 - 33 | 0.00239166
28 - 34 | 0.00205581
28 - 35 | 0.0026622
28 - 36 | -0.00228742
28 - 37 | -4.33897e-05
28 - 38 | -1.54597e-06
28 - 39 | 4.70773e-05
28 - 40 | -0.000436535
28 - 41 | 0.000341989
28 - 42 | 9.53054e-05
28 - 43 | -0.00181175
28 - 44 | 0.000661608
28 - 45 | -5.97193e-05
28 - 46 | 2.40673e-06
28 - 47 | 0.000108875
28 - 48 | 0.00023825
28 - 49 | 0.000631933
28 - 50 | -0.00109388
28 - 51 | -0.0008632
28 - 52 | 0.000565657
28 - 53 | -0.000408881
28 - 54 | -0.000397838
28 - 55 | -2.20036e-05
28 - 56 | -0.000198511
28 - 57 | 2.43527e-06
28 - 58 | -0.000324142
28 - 59 | 0.000760445
28 - 60 | -2.5504e-05
28 - 61 | 0.000119098
28 - 62 | -0.000200987
28 - 63 | -6.5697e-05
28 - 64 | 0.000159561
28 - 65 | -2.7496e-05
28 - 66 | -1.49918e-06
29 - 0 | -1.17698e-06
29 - 1 | 1.69244e-06
29 - 2 | 2.5109e-09
29 - 3 | 1.4722e-06
29 - 4 | -1.78025e-06
29 - 5 | -5.27107e-07
29 - 6 | 2.01751e-06
29 - 7 | -3.63855e-09
29 - 8 | -2.65921e-06
29 - 9 | 2.41571e-06
29 - 10 | 6.53077e-06
29 - 11 | -4.94355e-06
29 - 12 | 8.38633e-06
29 - 13 | -5.61552e-06
29 - 14 | -1.58393e-09
29 - 15 | -4.85678e-07
29 - 16 | -2.38843e-06
29 - 17 | -3.72548e-06
29 - 18 | -9.86867e-07
29 - 19 | -7.40072e-07
29 - 20 | 2.6703e-06
29 - 21 | -1.18967e-08
29 - 22 | -6.94384e-07
29 - 23 | 1.25837e-06
29 - 24 | 3.50945e-06
29 - 25 | -8.92857e-06
29 - 26 | 1.5233e-05
29 - 27 | 7.1642e-06
29 - 28 | -2.0611e-05
29 - 29 | 2.66591e-07
29 - 30 | 2.67017e-06
29 - 31 | -7.10378e-07
29 - 32 | -1.23678e-06
29 - 33 | 7.43551e-06
29 - 34 | -1.9958e-05
29 - 35 | -4.44732e-06
29 - 36 | 6.52684e-06
29 - 37 | -2.77923e-06
29 - 38 | -1.42347e-08
29 - 39 | -1.87704e-06
29 - 40 | 6.99514e-06
29 - 41 | -1.22331e-05
29 - 42 | 3.22886e-06
29 - 43 | 5.92126e-06
29 - 44 | -1.64842e-06
29 - 45 | -2.50806e-07
29 - 46 | 1.2634e-07
29 - 47 | -1.31482e-06
29 - 48 | -4.05087e-06
29 - 49 | 1.26023e-06
29 - 50 | 2.23083e-06
29 - 51 | 1.18866e-05
29 - 52 | 8.8032e-07
29 - 53 | 7.17499e-06
29 - 54 | -7.39776e-06
29 - 55 | 1.50341e-06
29 - 56 | -9.97226e-08
29 - 57 | 4.97456e-08
29 - 58 | 1.22507e-06
29 - 59 | -3.72433e-06
29 - 60 | -3.2087e-06
29 - 61 | 1.67254e-06
29 - 62 | 4.28824e-07
29 - 63 | -2.30548e-06
29 - 64 | -1.01651e-06
29 - 65 | -6.94888e-07
29 - 66 | 1.2358e-07
30 - 0 | 2.79612e-05
30 - 1 | 7.73292e-05
30 - 2 | -1.32049e-07
30 - 3 | 0.000102588
30 - 4 | 0.000156516
30 - 5 | -0.000171252
30 - 6 | 0.000138715
30 - 7 | -4.53686e-08
30 - 8 | 0.000109954
30 - 9 | 7.47418e-05
30 - 10 | 7.49138e-05
30 - 11 | 9.77606e-06
30 - 12 | 0.000363888
30 - 13 | -0.000223464
30 - 14 | 1.2565e-06
30 - 15 | 0.000102196
30 - 16 | -0.000216692
30 - 17 | -0.000681503
30 - 18 | 0.000987519
30 - 19 | -0.00110834
30 - 20 | 0.00047513
30 - 21 | -7.80527e-07
30 - 22 | -0.000553558
30 - 23 | 0.000290873
30 - 24 | -0.000108562
30 - 25 | -0.000495733
30 - 26 | 0.000585108
30 - 27 | -3.75663e-05
30 - 28 | 0.00010639
30 - 29 | 2.67017e-06
30 - 30 | 0.00120364
30 - 31 | -0.000560054
30 - 32 | 1.21493e-05
30 - 33 | 0.00126264
30 - 34 | -0.000269475
30 - 35 | 0.000485858
30 - 36 | -6.29005e-05
30 - 37 | -6.60033e-05
30 - 38 | -1.80473e-07
30 - 39 | -0.000125044
30 - 40 | 0.000226909
30 - 41 | -0.000928277
30 - 42 | -0.0007839
30 - 43 | 0.000380185
30 - 44 | 0.000123218
30 - 45 | -5.94774e-05
30 - 46 | 6.3568e-06
30 - 47 | -0.000113897
30 - 48 | 0.000110809
30 - 49 | 0.000160769
30 - 50 | 4.72542e-05
30 - 51 | -8.58563e-05
30 - 52 | 0.000440184
30 - 53 | 4.84643e-05
30 - 54 | 6.02815e-05
30 - 55 | -3.60599e-05
30 - 56 | 0.000106775
30 - 57 | -1.45433e-06
30 - 58 | 0.000178847
30 - 59 | -9.84737e-05
30 - 60 | 0.000439975
30 - 61 | -0.00025686
30 - 62 | 0.000105695
30 - 63 | -0.000176479
30 - 64 | -6.72448e-05
30 - 65 | 5.52843e-05
30 - 66 | -8.89459e-08
31 - 0 | -0.000123601
31 - 1 | 0.000103586
31 - 2 | 1.58163e-07
31 - 3 | -0.000136254
31 - 4 | -0.000541829
31 - 5 | -6.06969e-05
31 - 6 | 0.000169426
31 - 7 | -7.81392e-07
31 - 8 | -0.00010904
31 - 9 | 0.000154328
31 - 10 | 0.000116953
31 - 11 | 0.000416443
31 - 12 | 0.000331726
31 - 13 | 0.000461529
31 - 14 | -4.91645e-07
31 - 15 | -5.26355e-05
31 - 16 | 0.00011808
31 - 17 | 0.000127871
31 - 18 | -0.00017697
31 - 19 | 0.000864104
31 - 20 | 0.000257663
31 - 21 | 4.06591e-07
31 - 22 | 4.9355e-05
31 - 23 | -0.000720368
31 - 24 | -0.000843469
31 - 25 | 0.00042149
31 - 26 | 9.65136e-06
31 - 27 | -0.000282031
31 - 28 | 4.48874e-05
31 - 29 | -7.10378e-07
31 - 30 | -0.000560054
31 - 31 | 0.00618299
31 - 32 | -0.00146095
31 - 33 | -0.00198567
31 - 34 | 0.00147755
31 - 35 | -0.00169283
31 - 36 | -0.000773718
31 - 37 | 0.000568281
31 - 38 | -2.95129e-06
31 - 39 | -0.00113598
31 - 40 | 0.00166481
31 - 41 | -0.00034103
31 - 42 | 0.000714694
31 - 43 | 0.000701778
31 - 44 | -0.000275067
31 - 45 | 0.000182377
31 - 46 | -3.27418e-06
31 - 47 | 0.000177185
31 - 48 | -0.000423965
31 - 49 | -0.000159491
31 - 50 | 0.000225996
31 - 51 | 0.000784934
31 - 52 | 0.00040734
31 - 53 | -0.000657385
31 - 54 | 0.000156675
31 - 55 | 0.000233896
31 - 56 | -8.21617e-05
31 - 57 | -2.25649e-06
31 - 58 | -0.000297384
31 - 59 | 0.000411472
31 - 60 | -0.000498992
31 - 61 | 0.00115323
31 - 62 | -4.10256e-05
31 - 63 | -0.000189767
31 - 64 | 0.000517382
31 - 65 | -2.31677e-05
31 - 66 | 1.88431e-05
32 - 0 | -0.000216064
32 - 1 | -0.000515349
32 - 2 | 7.70018e-07
32 - 3 | 9.25437e-05
32 - 4 | -0.000343512
32 - 5 | 0.000290199
32 - 6 | -1.25479e-06
32 - 7 | -2.60099e-06
32 - 8 | 0.000320344
32 - 9 | 0.000280553
32 - 10 | -0.000952174
32 - 11 | -0.000823261
32 - 12 | -0.000899587
32 - 13 | 0.000886777
32 - 14 | -3.37001e-06
32 - 15 | -0.000366734
32 - 16 | -0.000381061
32 - 17 | 0.000554608
32 - 18 | 0.000619675
32 - 19 | -0.00224445
32 - 20 | 0.000296026
32 - 21 | -1.38943e-06
32 - 22 | 1.55769e-05
32 - 23 | 0.000936539
32 - 24 | -0.00175324
32 - 25 | 0.00217502
32 - 26 | -0.000347161
32 - 27 | 0.00102954
32 - 28 | -0.000126009
32 - 29 | -1.23678e-06
32 - 30 | 1.21493e-05
32 - 31 | -0.00146095
32 - 32 | 0.0110885
32 - 33 | -0.00236425
32 - 34 | 0.000183794
32 - 35 | -0.0010085
32 - 36 | 0.00127243
32 - 37 | -9.7748e-05
32 - 38 | 4.02928e-06
32 - 39 | 8.20926e-05
32 - 40 | -0.00425829
32 - 41 | 0.00280322
32 - 42 | -0.00182322
32 - 43 | -0.000158785
32 - 44 | 0.000807169
32 - 45 | -0.000393115
32 - 46 | 1.4874e-05
32 - 47 | -2.97467e-05
32 - 48 | 0.000712462
32 - 49 | 0.00160178
32 - 50 | 0.000951449
32 - 51 | -0.000874544
32 - 52 | -0.000105059
32 - 53 | -0.00122793
32 - 54 | 0.000541267
32 - 55 | -8.70501e-05
32 - 56 | -0.000243683
32 - 57 | 6.66278e-06
32 - 58 | 0.000478579
32 - 59 | -0.00113059
32 - 60 | 0.000127112
32 - 61 | -0.000162029
32 - 62 | 0.000219752
32 - 63 | -1.94537e-05
32 - 64 | -5.50493e-05
32 - 65 | -5.7873e-05
32 - 66 | -9.84363e-06
33 - 0 | 0.000177204
33 - 1 | -0.000143576
33 - 2 | 1.06608e-06
33 - 3 | 4.64796e-05
33 - 4 | 0.000733364
33 - 5 | -0.000442053
33 - 6 | 0.000204
33 - 7 | 8.2592e-07
33 - 8 | -0.000344858
33 - 9 | 0.000205125
33 - 10 | 0.000612425
33 - 11 | -0.000677603
33 - 12 | 0.00237113
33 - 13 | -0.000320011
33 - 14 | 3.53179e-06
33 - 15 | 0.000426202
33 - 16 | -0.00119785
33 - 17 | 0.000618276
33 - 18 | 0.000914353
33 - 19 | -0.00273118
33 - 20 | -0.000177912
33 - 21 | 2.54034e-06
33 - 22 | -0.000757064
33 - 23 | -0.00105296
33 - 24 | 0.0016247
33 - 25 | -0.0102742
33 - 26 | 0.0034652
33 - 27 | -0.00248985
33 - 28 | 0.00239166
33 - 29 | 7.43551e-06
33 - 30 | 0.00126264
33 - 31 | -0.00198567
33 - 32 | -0.00236425
33 - 33 | 0.0200911
33 - 34 | -0.00418599
33 - 35 | 0.0019156
33 - 36 | 3.82569e-06
33 - 37 | -0.000775614
33 - 38 | -1.98329e-06
33 - 39 | 0.000123429
33 - 40 | 0.00203834
33 - 41 | -0.00365961
33 - 42 | -0.00144908
33 - 43 | 0.00267848
33 - 44 | -0.000455477
33 - 45 | -0.000242621
33 - 46 | 1.92756e-05
33 - 47 | -0.000579097
33 - 48 | 0.000980151
33 - 49 | 0.000529682
33 - 50 | -0.00163879
33 - 51 | -0.00186417
33 - 52 | 0.000442516
33 - 53 | 0.000280181
33 - 54 | -0.00126967
33 - 55 | -5.61023e-05
33 - 56 | -0.000234941
33 - 57 | -8.84731e-06
33 - 58 | -0.000107194
33 - 59 | 0.000350368
33 - 60 | -0.00159818
33 - 61 | -0.00161919
33 - 62 | -2.42222e-05
33 - 63 | 0.000289094
33 - 64 | 1.56292e-05
33 - 65 | -5.41199e-05
33 - 66 | 2.33665e-05
34 - 0 | 5.46889e-05
34 - 1 | -0.000601884
34 - 2 | 1.42647e-06
34 - 3 | -0.000370823
34 - 4 | 0.000728882
34 - 5 | 2.68296e-06
34 - 6 | -0.000216777
34 - 7 | -8.22769e-07
34 - 8 | 3.04467e-05
34 - 9 | 0.000320244
34 - 10 | -1.55164e-05
34 - 11 | -0.000580821
34 - 12 | 0.00146016
34 - 13 | 0.000292116
34 - 14 | 6.52899e-07
34 - 15 | -0.000144803
34 - 16 | -0.000998275
34 - 17 | -9.02327e-05
34 - 18 | 0.00166006
34 - 19 | 0.000896442
34 - 20 | -0.000953855
34 - 21 | -1.74525e-06
34 - 22 | -0.000303716
34 - 23 | -0.000822017
34 - 24 | 0.000981128
34 - 25 | 0.00173545
34 - 26 | -0.00757817
34 - 27 | 0.00352729
34 - 28 | 0.00205581
34 - 29 | -1.9958e-05
34 - 30 | -0.000269475
34 - 31 | 0.00147755
34 - 32 | 0.000183794
34 - 33 | -0.00418599
34 - 34 | 0.0208165
34 - 35 | -0.00976609
34 - 36 | 8.1239e-05
34 - 37 | -0.000108634
34 - 38 | 8.89812e-07
34 - 39 | 0.000237004
34 - 40 | -0.00209516
34 - 41 | 0.0026237
34 - 42 | -0.00538283
34 - 43 | 0.00203412
34 - 44 | -0.000403257
34 - 45 | 7.17671e-05
34 - 46 | -5.51071e-06
34 - 47 | -0.000225015
34 - 48 | 0.00031947
34 - 49 | 0.000419132
34 - 50 | -0.00269126
34 - 51 | 0.00150939
34 - 52 | 0.000386654
34 - 53 | -0.00069253
34 - 54 | 0.00154642
34 - 55 | -0.000324924
34 - 56 | -8.40077e-05
34 - 57 | 5.06293e-06
34 - 58 | 0.000151325
34 - 59 | -0.000221666
34 - 60 | 0.00189159
34 - 61 | -0.000824727
34 - 62 | 0.00016525
34 - 63 | 0.000511962
34 - 64 | 0.00045726
34 - 65 | 0.000175554
34 - 66 | -3.42417e-05
35 - 0 | 0.000193544
35 - 1 | -0.000571781
35 - 2 | -9.07573e-07
35 - 3 | 0.000162338
35 - 4 | -0.000276194
35 - 5 | -0.000356461
35 - 6 | -0.000285853
35 - 7 | 1.27616e-06
35 - 8 | -0.000660945
35 - 9 | 0.000789175
35 - 10 | -0.000369224
35 - 11 | 0.00152752
35 - 12 | -0.00214849
35 - 13 | -0.000135328
35 - 14 | 4.2613e-06
35 - 15 | 0.000289882
35 - 16 | 0.0001074
35 - 17 | 0.000306552
35 - 18 | -0.00155462
35 - 19 | -9.77697e-07
35 - 20 | -0.00094746
35 - 21 | -6.20062e-06
35 - 22 | 1.07951e-05
35 - 23 | 0.000314109
35 - 24 | 0.00105229
35 - 25 | -0.002297
35 - 26 | 0.00412273
35 - 27 | -0.00763113
35 - 28 | 0.0026622
35 - 29 | -4.44732e-06
35 - 30 | 0.000485858
35 - 31 | -0.00169283
35 - 32 | -0.0010085
35 - 33 | 0.0019156
35 - 34 | -0.00976609
35 - 35 | 0.0241314
35 - 36 | -0.00434143
35 - 37 | -0.000115925
35 - 38 | -4.89783e-06
35 - 39 | -2.16581e-05
35 - 40 | 0.00403419
35 - 41 | -0.00124673
35 - 42 | 0.00378403
35 - 43 | -0.00314057
35 - 44 | 0.000916321
35 - 45 | 0.000134059
35 - 46 | -8.11546e-07
35 - 47 | 0.000411938
35 - 48 | -0.00277672
35 - 49 | 0.00194491
35 - 50 | 0.00182299
35 - 51 | -0.00403446
35 - 52 | 0.00211498
35 - 53 | -0.00207452
35 - 54 | -0.00102505
35 - 55 | -0.000336589
35 - 56 | -5.83321e-05
35 - 57 | 1.16269e-05
35 - 58 | -0.000294075
35 - 59 | 0.000974349
35 - 60 | -0.0014862
35 - 61 | 0.00240492
35 - 62 | 0.000403547
35 - 63 | -0.000129591
35 - 64 | 0.000159923
35 - 65 | 2.54751e-05
35 - 66 | 1.81548e-05
36 - 0 | -0.000215692
36 - 1 | 0.000802307
36 - 2 | -8.21833e-07
36 - 3 | -6.58639e-05
36 - 4 | 0.000188184
36 - 5 | 0.00039554
36 - 6 | 0.000105782
36 - 7 | -1.06361e-07
36 - 8 | 9.14885e-05
36 - 9 | -0.000110907
36 - 10 | -0.000531505
36 - 11 | -0.000600639
36 - 12 | 1.39117e-05
36 - 13 | 0.000592231
36 - 14 | 1.39181e-07
36 - 15 | -0.000322441
36 - 16 | -9.07696e-05
36 - 17 | -0.00038703
36 - 18 | 0.00104601
36 - 19 | -0.00156387
36 - 20 | 0.000986985
36 - 21 | 2.70113e-06
36 - 22 | -8.56018e-06
36 - 23 | -0.000172771
36 - 24 | -0.000240819
36 - 25 | -0.000823505
36 - 26 | 0.00188886
36 - 27 | -0.000286074
36 - 28 | -0.00228742
36 - 29 | 6.52684e-06
36 - 30 | -6.29005e-05
36 - 31 | -0.000773718
36 - 32 | 0.00127243
36 - 33 | 3.82569e-06
36 - 34 | 8.1239e-05
36 - 35 | -0.00434143
36 - 36 | 0.00608062
36 - 37 | -0.000894328
36 - 38 | 4.85788e-06
36 - 39 | -4.54327e-06
36 - 40 | -0.00204213
36 - 41 | 0.000818205
36 - 42 | -0.00168493
36 - 43 | 0.00145056
36 - 44 | -0.000933823
36 - 45 | 3.7456e-05
36 - 46 | 1.93196e-07
36 - 47 | -0.000212171
36 - 48 | 0.000565055
36 - 49 | 0.000217054
36 - 50 | -0.000744953
36 - 51 | 0.000241697
36 - 52 | -0.000508295
36 - 53 | 0.000537605
36 - 54 | 3.33759e-05
36 - 55 | 0.000137305
36 - 56 | 7.73312e-05
36 - 57 | -7.47367e-06
36 - 58 | 0.000385739
36 - 59 | -0.000407591
36 - 60 | 0.000831861
36 - 61 | -0.00102833
36 - 62 | 0.000438291
36 - 63 | 7.97406e-05
36 - 64 | -0.000275337
36 - 65 | 7.56706e-05
36 - 66 | -1.35051e-05
37 - 0 | 6.9665e-05
37 - 1 | -5.50562e-05
37 - 2 | -1.68014e-07
37 - 3 | -0.000102784
37 - 4 | 8.58446e-05
37 - 5 | -0.000207095
37 - 6 | -3.96621e-05
37 - 7 | -2.43942e-08
37 - 8 | -1.99189e-05
37 - 9 | 0.000166101
37 - 10 | 0.000305946
37 - 11 | 0.000410293
37 - 12 | -0.00019756
37 - 13 | 0.000132814
37 - 14 | -3.48542e-07
37 - 15 | 8.48988e-05
37 - 16 | -0.000102517
37 - 17 | -0.000122566
37 - 18 | -0.000205066
37 - 19 | 0.000494097
37 - 20 | -0.000472956
37 - 21 | 1.45206e-06
37 - 22 | 3.74402e-05
37 - 23 | 6.02519e-05
37 - 24 | -0.000142551
37 - 25 | 0.00106198
37 - 26 | -0.000459865
37 - 27 | 0.000598607
37 - 28 | -4.33897e-05
37 - 29 | -2.77923e-06
37 - 30 | -6.60033e-05
37 - 31 | 0.000568281
37 - 32 | -9.7748e-05
37 - 33 | -0.000775614
37 - 34 | -0.000108634
37 - 35 | -0.000115925
37 - 36 | -0.000894328
37 - 37 | 0.000796706
37 - 38 | -3.23628e-06
37 - 39 | -3.64224e-05
37 - 40 | 0.000303184
37 - 41 | -2.86446e-05
37 - 42 | 0.000479092
37 - 43 | -0.000509576
37 - 44 | 9.53092e-05
37 - 45 | 1.39433e-05
37 - 46 | -3.70416e-06
37 - 47 | 3.46951e-05
37 - 48 | -4.73802e-05
37 - 49 | -4.78591e-05
37 - 50 | 0.00051096
37 - 51 | 0.000279085
37 - 52 | 8.01407e-05
37 - 53 | 2.36253e-05
37 - 54 | 9.66898e-05
37 - 55 | -3.23813e-05
37 - 56 | -5.97804e-05
37 - 57 | -2.74732e-06
37 - 58 | -8.15251e-05
37 - 59 | 3.53129e-05
37 - 60 | 0.000229097
37 - 61 | 3.54632e-05
37 - 62 | -9.3903e-05
37 - 63 | -0.000145604
37 - 64 | 1.88285e-05
37 - 65 | 1.25515e-05
37 - 66 | 2.83618e-06
38 - 0 | -6.08766e-07
38 - 1 | -7.94339e-07
38 - 2 | 5.40792e-09
38 - 3 | 3.13413e-07
38 - 4 | 1.14204e-06
38 - 5 | 3.44558e-07
38 - 6 | -1.81558e-08
38 - 7 | 1.06644e-10
38 - 8 | 9.2354e-07
38 - 9 | -1.60177e-06
38 - 10 | -1.35789e-06
38 - 11 | -1.32962e-06
38 - 12 | 3.14012e-06
38 - 13 | 2.18539e-06
38 - 14 | 8.6829e-09
38 - 15 | 9.68137e-07
38 - 16 | 2.50103e-06
38 - 17 | 5.34133e-07
38 - 18 | 4.89608e-07
38 - 19 | -2.25904e-06
38 - 20 | 4.14376e-06
38 - 21 | 3.59988e-09
38 - 22 | -2.26174e-07
38 - 23 | 7.40969e-07
38 - 24 | -9.44472e-07
38 - 25 | -1.34376e-07
38 - 26 | 1.00798e-06
38 - 27 | -1.31558e-06
38 - 28 | -1.54597e-06
38 - 29 | -1.42347e-08
38 - 30 | -1.80473e-07
38 - 31 | -2.95129e-06
38 - 32 | 4.02928e-06
38 - 33 | -1.98329e-06
38 - 34 | 8.89812e-07
38 - 35 | -4.89783e-06
38 - 36 | 4.85788e-06
38 - 37 | -3.23628e-06
38 - 38 | 1.56251e-07
38 - 39 | -1.49277e-07
38 - 40 | -4.55478e-06
38 - 41 | 3.94556e-06
38 - 42 | -8.68112e-06
38 - 43 | 7.6687e-06
38 - 44 | 4.32151e-07
38 - 45 | -2.24441e-06
38 - 46 | -2.3632e-08
38 - 47 | 4.45825e-07
38 - 48 | -2.02616e-06
38 - 49 | 4.09752e-06
38 - 50 | -4.98149e-06
38 - 51 | -2.88124e-07
38 - 52 | 3.98463e-07
38 - 53 | -6.25126e-06
38 - 54 | 6.81755e-06
38 - 55 | -4.20285e-07
38 - 56 | 8.739e-07
38 - 57 | -6.90558e-09
38 - 58 | 1.18211e-06
38 - 59 | -4.39682e-06
38 - 60 | 2.90736e-06
38 - 61 | -1.50718e-06
38 - 62 | -2.10264e-07
38 - 63 | 2.49823e-06
38 - 64 | -2.38646e-06
38 - 65 | 9.65995e-07
38 - 66 | -1.13426e-07
39 - 0 | 6.90873e-05
39 - 1 | -0.000275564
39 - 2 | 5.16091e-07
39 - 3 | -3.54536e-05
39 - 4 | -6.03988e-05
39 - 5 | 8.70426e-05
39 - 6 | -0.000126442
39 - 7 | 1.40989e-07
39 - 8 | -0.000149411
39 - 9 | -0.000278829
39 - 10 | 0.000589704
39 - 11 | -0.000166415
39 - 12 | 8.3725e-05
39 - 13 | -0.000194276
39 - 14 | -3.37977e-07
39 - 15 | 0.000250261
39 - 16 | 5.93249e-05
39 - 17 | -6.13023e-05
39 - 18 | -2.99606e-06
39 - 19 | -2.05755e-05
39 - 20 | -0.000234777
39 - 21 | 8.38436e-07
39 - 22 | -1.74036e-06
39 - 23 | -0.000224626
39 - 24 | 0.000686322
39 - 25 | 5.7619e-05
39 - 26 | -0.0012564
39 - 27 | 0.000592211
39 - 28 | 4.70773e-05
39 - 29 | -1.87704e-06
39 - 30 | -0.000125044
39 - 31 | -0.00113598
39 - 32 | 8.20926e-05
39 - 33 | 0.000123429
39 - 34 | 0.000237004
39 - 35 | -2.16581e-05
39 - 36 | -4.54327e-06
39 - 37 | -3.64224e-05
39 - 38 | -1.49277e-07
39 - 39 | 0.00108299
39 - 40 | -0.00198102
39 - 41 | 0.00127373
39 - 42 | 6.87307e-05
39 - 43 | -0.000662066
39 - 44 | 7.5953e-05
39 - 45 | -3.20059e-05
39 - 46 | -4.40711e-06
39 - 47 | -0.000219731
39 - 48 | 0.000780465
39 - 49 | -0.000120032
39 - 50 | -9.50794e-05
39 - 51 | -1.09959e-05
39 - 52 | -0.000286921
39 - 53 | 0.000189739
39 - 54 | -0.00031705
39 - 55 | 0.000143713
39 - 56 | 7.83686e-05
39 - 57 | -2.22016e-06
39 - 58 | -4.22593e-06
39 - 59 | 0.000136567
39 - 60 | 0.000669217
39 - 61 | -2.27174e-05
39 - 62 | -2.89808e-05
39 - 63 | 2.55582e-05
39 - 64 | -0.000102002
39 - 65 | -7.29062e-05
39 - 66 | 1.02836e-06
40 - 0 | 0.000275942
40 - 1 | -0.000138252
40 - 2 | 5.81331e-07
40 - 3 | -0.000506184
40 - 4 | 0.00124563
40 - 5 | -0.000483599
40 - 6 | 0.000199318
40 - 7 | 5.78442e-07
40 - 8 | 0.000363964
40 - 9 | 0.000974273
40 - 10 | 0.00042701
40 - 11 | 0.00105818
40 - 12 | 0.000926604
40 - 13 | -0.00121654
40 - 14 | 6.04669e-06
40 - 15 | -4.28689e-05
40 - 16 | 7.68909e-05
40 - 17 | -0.00113773
40 - 18 | -0.00116519
40 - 19 | 0.00261181
40 - 20 | -0.00162139
40 - 21 | -1.26715e-06
40 - 22 | 0.000128153
40 - 23 | 0.000740325
40 - 24 | -0.00180887
40 - 25 | -0.0027706
40 - 26 | 0.00333303
40 - 27 | 0.000353547
40 - 28 | -0.000436535
40 - 29 | 6.99514e-06
40 - 30 | 0.000226909
40 - 31 | 0.00166481
40 - 32 | -0.00425829
40 - 33 | 0.00203834
40 - 34 | -0.00209516
40 - 35 | 0.00403419
40 - 36 | -0.00204213
40 - 37 | 0.000303184
40 - 38 | -4.55478e-06
40 - 39 | -0.00198102
40 - 40 | 0.0153272
40 - 41 | -0.00740243
40 - 42 | -0.000240017
40 - 43 | 0.00251678
40 - 44 | -0.000363846
40 - 45 | 0.000273373
40 - 46 | 7.19266e-06
40 - 47 | 0.000271442
40 - 48 | -0.00286158
40 - 49 | 0.000505828
40 - 50 | 0.00109807
40 - 51 | -0.000521128
40 - 52 | 0.000436183
40 - 53 | -0.00086229
40 - 54 | 0.000730295
40 - 55 | -0.000219198
40 - 56 | -0.000173726
40 - 57 | 3.76379e-06
40 - 58 | -0.000101331
40 - 59 | -0.000475974
40 - 60 | -0.00169478
40 - 61 | 9.47338e-05
40 - 62 | 0.000149313
40 - 63 | 0.000466207
40 - 64 | 0.000310006
40 - 65 | 0.000386293
40 - 66 | 7.41312e-06
41 - 0 | 0.000134133
41 - 1 | -0.000929603
41 - 2 | -1.17485e-06
41 - 3 | 0.000202884
41 - 4 | -0.000557086
41 - 5 | 0.000602094
41 - 6 | -0.000379353
41 - 7 | -5.96033e-08
41 - 8 | -0.000190262
41 - 9 | -1.13999e-05
41 - 10 | -0.00277694
41 - 11 | 0.0022318
41 - 12 | -0.000150761
41 - 13 | -0.00132155
41 - 14 | 1.17003e-07
41 - 15 | 5.44965e-05
41 - 16 | 0.00071425
41 - 17 | 0.000388542
41 - 18 | 0.000171126
41 - 19 | -0.000682944
41 - 20 | 0.000993137
41 - 21 | -7.37455e-07
41 - 22 | 0.00113528
41 - 23 | 0.000941349
41 - 24 | -0.00150673
41 - 25 | 0.00356343
41 - 26 | -0.00300386
41 - 27 | 9.58439e-08
41 - 28 | 0.000341989
41 - 29 | -1.22331e-05
41 - 30 | -0.000928277
41 - 31 | -0.00034103
41 - 32 | 0.00280322
41 - 33 | -0.00365961
41 - 34 | 0.0026237
41 - 35 | -0.00124673
41 - 36 | 0.000818205
41 - 37 | -2.86446e-05
41 - 38 | 3.94556e-06
41 - 39 | 0.00127373
41 - 40 | -0.00740243
41 - 41 | 0.019685
41 - 42 | -0.00574356
41 - 43 | 0.00145372
41 - 44 | -0.000344838
41 - 45 | -0.000339701
41 - 46 | -6.76537e-06
41 - 47 | 0.00024722
41 - 48 | 0.000414577
41 - 49 | -0.00154866
41 - 50 | 0.00244856
41 - 51 | -0.0018837
41 - 52 | -0.00120657
41 - 53 | -0.00131645
41 - 54 | 0.000372991
41 - 55 | 0.000153899
41 - 56 | 0.000204511
41 - 57 | -1.6796e-05
41 - 58 | -0.000554314
41 - 59 | -0.000410462
41 - 60 | 0.000540141
41 - 61 | -0.00114771
41 - 62 | 0.000378667
41 - 63 | 0.00040782
41 - 64 | 0.000361671
41 - 65 | -0.000273266
41 - 66 | -2.45821e-05
42 - 0 | -9.02642e-05
42 - 1 | -5.50179e-05
42 - 2 | 1.81436e-06
42 - 3 | -7.64256e-05
42 - 4 | -0.000197809
42 - 5 | -0.000647615
42 - 6 | 0.000370197
42 - 7 | -1.1346e-07
42 - 8 | -7.82146e-05
42 - 9 | -0.00065574
42 - 10 | 0.0016764
42 - 11 | -0.00146036
42 - 12 | -0.00216283
42 - 13 | 0.00145079
42 - 14 | -6.45243e-06
42 - 15 | 7.721e-05
42 - 16 | 0.00110985
42 - 17 | -0.000208197
42 - 18 | -0.000837038
42 - 19 | 0.000808833
42 - 20 | -0.00024017
42 - 21 | 3.88152e-07
42 - 22 | 0.000332274
42 - 23 | -0.000682213
42 - 24 | 0.00132999
42 - 25 | -0.000593615
42 - 26 | 0.00123776
42 - 27 | -0.00112537
42 - 28 | 9.53054e-05
42 - 29 | 3.22886e-06
42 - 30 | -0.0007839
42 - 31 | 0.000714694
42 - 32 | -0.00182322
42 - 33 | -0.00144908
42 - 34 | -0.00538283
42 - 35 | 0.00378403
42 - 36 | -0.00168493
42 - 37 | 0.000479092
42 - 38 | -8.68112e-06
42 - 39 | 6.87307e-05
42 - 40 | -0.000240017
42 - 41 | -0.00574356
42 - 42 | 0.0140856
42 - 43 | -0.00616866
42 - 44 | 0.000176475
42 - 45 | 0.000164897
42 - 46 | -7.99312e-06
42 - 47 | 1.24082e-05
42 - 48 | -0.000220942
42 - 49 | -0.00143375
42 - 50 | -0.00279652
42 - 51 | 0.00220093
42 - 52 | -0.000534348
42 - 53 | 0.000925559
42 - 54 | -0.000422563
42 - 55 | -0.000193941
42 - 56 | 0.000405966
42 - 57 | -1.35821e-05
42 - 58 | -0.000567549
42 - 59 | 0.00243015
42 - 60 | -0.00257375
42 - 61 | 0.00179068
42 - 62 | 0.000314819
42 - 63 | -0.000751697
42 - 64 | -0.000156137
42 - 65 | -0.000125971
42 - 66 | 3.27259e-05
43 - 0 | 0.000691668
43 - 1 | -0.000566941
43 - 2 | -7.54723e-07
43 - 3 | -0.000312231
43 - 4 | 0.000135667
43 - 5 | -2.67921e-05
43 - 6 | 3.69057e-05
43 - 7 | -9.21203e-07
43 - 8 | 1.2439e-05
43 - 9 | 0.000662278
43 - 10 | 0.00202816
43 - 11 | 0.00125158
43 - 12 | 0.000950323
43 - 13 | 0.000133757
43 - 14 | 5.68138e-06
43 - 15 | 1.14625e-05
43 - 16 | -0.000122564
43 - 17 | -0.000792091
43 - 18 | 0.00205048
43 - 19 | -0.00429118
43 - 20 | 0.0015249
43 - 21 | -1.39542e-06
43 - 22 | -0.00103838
43 - 23 | 0.000972125
43 - 24 | -0.00277916
43 - 25 | -0.000860958
43 - 26 | 0.00128501
43 - 27 | 0.00127808
43 - 28 | -0.00181175
43 - 29 | 5.92126e-06
43 - 30 | 0.000380185
43 - 31 | 0.000701778
43 - 32 | -0.000158785
43 - 33 | 0.00267848
43 - 34 | 0.00203412
43 - 35 | -0.00314057
43 - 36 | 0.00145056
43 - 37 | -0.000509576
43 - 38 | 7.6687e-06
43 - 39 | -0.000662066
43 - 40 | 0.00251678
43 - 41 | 0.00145372
43 - 42 | -0.00616866
43 - 43 | 0.0192348
43 - 44 | -0.00171358
43 - 45 | 0.000122736
43 - 46 | 1.83995e-05
43 - 47 | 0.000318471
43 - 48 | -0.000922905
43 - 49 | -0.000902165
43 - 50 | 0.00156979
43 - 51 | -0.0060264
43 - 52 | 0.00189223
43 - 53 | -0.00126356
43 - 54 | 0.00112957
43 - 55 | -5.17676e-05
43 - 56 | -0.000292414
43 - 57 | 3.84127e-06
43 - 58 | 0.000523125
43 - 59 | -0.000264595
43 - 60 | 0.00122651
43 - 61 | -0.00171292
43 - 62 | -0.000302366
43 - 63 | 0.000176242
43 - 64 | 0.000502232
43 - 65 | -9.75094e-05
43 - 66 | 4.81004e-06
44 - 0 | -0.000114763
44 - 1 | 0.000102725
44 - 2 | 1.58927e-07
44 - 3 | 7.3718e-05
44 - 4 | -0.000175054
44 - 5 | -9.46e-05
44 - 6 | -0.000198963
44 - 7 | 8.95723e-09
44 - 8 | 0.000178465
44 - 9 | -0.000120418
44 - 10 | -0.000596729
44 - 11 | -0.000355184
44 - 12 | -0.000126211
44 - 13 | -0.000140347
44 - 14 | 5.86352e-08
44 - 15 | -0.000138979
44 - 16 | -0.000150513
44 - 17 | -0.000143737
44 - 18 | 0.000156744
44 - 19 | 0.000448244
44 - 20 | -0.000138327
44 - 21 | -1.56092e-06
44 - 22 | 0.000124386
44 - 23 | -5.42162e-05
44 - 24 | 0.000737653
44 - 25 | 0.000854902
44 - 26 | -0.00102807
44 - 27 | -0.000380602
44 - 28 | 0.000661608
44 - 29 | -1.64842e-06
44 - 30 | 0.000123218
44 - 31 | -0.000275067
44 - 32 | 0.000807169
44 - 33 | -0.000455477
44 - 34 | -0.000403257
44 - 35 | 0.000916321
44 - 36 | -0.000933823
44 - 37 | 9.53092e-05
44 - 38 | 4.32151e-07
44 - 39 | 7.5953e-05
44 - 40 | -0.000363846
44 - 41 | -0.000344838
44 - 42 | 0.000176475
44 - 43 | -0.00171358
44 - 44 | 0.00178988
44 - 45 | -0.000215442
44 - 46 | 1.69805e-06
44 - 47 | -7.19462e-05
44 - 48 | 0.000559144
44 - 49 | -0.000434939
44 - 50 | -7.17904e-05
44 - 51 | -0.000166849
44 - 52 | -0.000402415
44 - 53 | -0.000524871
44 - 54 | -0.000367105
44 - 55 | 0.00014705
44 - 56 | -4.82417e-05
44 - 57 | 1.99975e-06
44 - 58 | 7.52614e-06
44 - 59 | -0.000150909
44 - 60 | 0.000218307
44 - 61 | 0.000335582
44 - 62 | -9.93602e-06
44 - 63 | 3.7637e-05
44 - 64 | -5.30641e-05
44 - 65 | 7.83222e-05
44 - 66 | 6.89861e-06
45 - 0 | 0.000140551
45 - 1 | 0.000110496
45 - 2 | -5.68318e-07
45 - 3 | -5.40677e-05
45 - 4 | 9.24977e-06
45 - 5 | 7.70259e-05
45 - 6 | -0.000113021
45 - 7 | 4.46606e-07
45 - 8 | 2.87127e-05
45 - 9 | 9.73889e-05
45 - 10 | -7.74938e-05
45 - 11 | -0.000200667
45 - 12 | -8.24474e-05
45 - 13 | 9.02478e-06
45 - 14 | 3.05251e-07
45 - 15 | -3.8372e-05
45 - 16 | -2.69659e-05
45 - 17 | -7.18885e-06
45 - 18 | 0.000100932
45 - 19 | -2.10496e-05
45 - 20 | 0.000372427
45 - 21 | -8.74229e-07
45 - 22 | 7.07014e-05
45 - 23 | 0.000148227
45 - 24 | 9.69047e-05
45 - 25 | -0.000175153
45 - 26 | 0.000113765
45 - 27 | 0.000213025
45 - 28 | -5.97193e-05
45 - 29 | -2.50806e-07
45 - 30 | -5.94774e-05
45 - 31 | 0.000182377
45 - 32 | -0.000393115
45 - 33 | -0.000242621
45 - 34 | 7.17671e-05
45 - 35 | 0.000134059
45 - 36 | 3.7456e-05
45 - 37 | 1.39433e-05
45 - 38 | -2.24441e-06
45 - 39 | -3.20059e-05
45 - 40 | 0.000273373
45 - 41 | -0.000339701
45 - 42 | 0.000164897
45 - 43 | 0.000122736
45 - 44 | -0.000215442
45 - 45 | 0.000405979
45 - 46 | -4.63398e-06
45 - 47 | 0.000131356
45 - 48 | -0.000133278
45 - 49 | 0.000154235
45 - 50 | -4.00125e-05
45 - 51 | -6.10197e-05
45 - 52 | 2.00751e-05
45 - 53 | 0.000145822
45 - 54 | -6.49987e-05
45 - 55 | -3.43493e-05
45 - 56 | 4.5242e-05
45 - 57 | 2.07447e-06
45 - 58 | -2.98576e-05
45 - 59 | 1.09549e-05
45 - 60 | -4.70916e-05
45 - 61 | 5.43482e-05
45 - 62 | 7.12909e-05
45 - 63 | -4.85356e-05
45 - 64 | 1.79628e-05
45 - 65 | -1.20972e-05
45 - 66 | 8.03324e-07
46 - 0 | -2.99641e-06
46 - 1 | -6.74466e-07
46 - 2 | 2.42373e-08
46 - 3 | -2.65262e-07
46 - 4 | -8.02126e-07
46 - 5 | 2.90168e-06
46 - 6 | -8.76107e-08
46 - 7 | -9.03757e-09
46 - 8 | 4.09942e-06
46 - 9 | -4.50704e-06
46 - 10 | -3.62954e-06
46 - 11 | 8.75339e-06
46 - 12 | -1.22519e-06
46 - 13 | -2.20965e-07
46 - 14 | 2.24813e-08
46 - 15 | -1.39151e-06
46 - 16 | -3.16097e-06
46 - 17 | -6.36059e-06
46 - 18 | -7.9841e-06
46 - 19 | -1.20059e-06
46 - 20 | -4.76947e-07
46 - 21 | -1.56641e-08
46 - 22 | 7.51027e-06
46 - 23 | 1.02706e-05
46 - 24 | -1.50873e-05
46 - 25 | 9.92157e-06
46 - 26 | -1.49686e-05
46 - 27 | 9.19943e-06
46 - 28 | 2.40673e-06
46 - 29 | 1.2634e-07
46 - 30 | 6.3568e-06
46 - 31 | -3.27418e-06
46 - 32 | 1.4874e-05
46 - 33 | 1.92756e-05
46 - 34 | -5.51071e-06
46 - 35 | -8.11546e-07
46 - 36 | 1.93196e-07
46 - 37 | -3.70416e-06
46 - 38 | -2.3632e-08
46 - 39 | -4.40711e-06
46 - 40 | 7.19266e-06
46 - 41 | -6.76537e-06
46 - 42 | -7.99312e-06
46 - 43 | 1.83995e-05
46 - 44 | 1.69805e-06
46 - 45 | -4.63398e-06
46 - 46 | 7.00976e-07
46 - 47 | -5.45258e-07
46 - 48 | -1.32592e-06
46 - 49 | 8.47468e-06
46 - 50 | 2.47642e-06
46 - 51 | 2.35645e-06
46 - 52 | 3.31537e-06
46 - 53 | -8.30152e-08
46 - 54 | -8.53749e-06
46 - 55 | 2.07643e-07
46 - 56 | -8.67247e-07
46 - 57 | -9.82178e-08
46 - 58 | 4.73252e-06
46 - 59 | -8.6196e-07
46 - 60 | 6.80513e-07
46 - 61 | -5.83908e-06
46 - 62 | 4.08034e-07
46 - 63 | -1.03286e-06
46 - 64 | 1.77399e-06
46 - 65 | 9.99782e-07
46 - 66 | 2.29559e-07
47 - 0 | 0.000147517
47 - 1 | -0.000204492
47 - 2 | -4.61436e-07
47 - 3 | 6.2048e-05
47 - 4 | 0.000123775
47 - 5 | -4.39797e-05
47 - 6 | 2.28047e-05
47 - 7 | 8.90077e-08
47 - 8 | 7.25135e-05
47 - 9 | 0.000210028
47 - 10 | -0.000248435
47 - 11 | 0.000156595
47 - 12 | -0.00022975
47 - 13 | 0.000157858
47 - 14 | 1.28766e-07
47 - 15 | 5.19698e-05
47 - 16 | 0.000163704
47 - 17 | 0.000308974
47 - 18 | -0.000444371
47 - 19 | 0.000150826
47 - 20 | 0.000246885
47 - 21 | -1.68614e-06
47 - 22 | 5.59551e-06
47 - 23 | 0.00016045
47 - 24 | -0.000322518
47 - 25 | 0.000648473
47 - 26 | -0.000266188
47 - 27 | -0.000100254
47 - 28 | 0.000108875
47 - 29 | -1.31482e-06
47 - 30 | -0.000113897
47 - 31 | 0.000177185
47 - 32 | -2.97467e-05
47 - 33 | -0.000579097
47 - 34 | -0.000225015
47 - 35 | 0.000411938
47 - 36 | -0.000212171
47 - 37 | 3.46951e-05
47 - 38 | 4.45825e-07
47 - 39 | -0.000219731
47 - 40 | 0.000271442
47 - 41 | 0.00024722
47 - 42 | 1.24082e-05
47 - 43 | 0.000318471
47 - 44 | -7.19462e-05
47 - 45 | 0.000131356
47 - 46 | -5.45258e-07
47 - 47 | 0.000715342
47 - 48 | -0.000409709
47 - 49 | 0.000161214
47 - 50 | 7.62522e-05
47 - 51 | -0.000126313
47 - 52 | 2.64437e-05
47 - 53 | -2.14936e-05
47 - 54 | 0.000104713
47 - 55 | 2.14819e-06
47 - 56 | -6.53963e-06
47 - 57 | -3.57765e-07
47 - 58 | -0.000141098
47 - 59 | -1.43736e-05
47 - 60 | -0.000206598
47 - 61 | 0.000311845
47 - 62 | -8.02606e-05
47 - 63 | -4.58193e-05
47 - 64 | -8.89646e-05
47 - 65 | 3.71793e-05
47 - 66 | -2.11029e-06
48 - 0 | -1.02816e-05
48 - 1 | 5.62547e-05
48 - 2 | 7.11448e-07
48 - 3 | 4.01343e-05
48 - 4 | 0.000228012
48 - 5 | -0.000124164
48 - 6 | 4.45599e-05
48 - 7 | 3.50608e-08
48 - 8 | -0.000209403
48 - 9 | 9.07549e-05
48 - 10 | -8.08373e-05
48 - 11 | -0.000380813
48 - 12 | -0.000306893
48 - 13 | 0.000549214
48 - 14 | -1.55245e-06
48 - 15 | 0.000189922
48 - 16 | -0.000278265
48 - 17 | 0.000218448
48 - 18 | -1.74306e-05
48 - 19 | 0.000150589
48 - 20 | -6.29398e-05
48 - 21 | 8.43078e-07
48 - 22 | -0.000167519
48 - 23 | -0.000417123
48 - 24 | 0.000841226
48 - 25 | -9.30735e-06
48 - 26 | -0.00176703
48 - 27 | 0.00111352
48 - 28 | 0.00023825
48 - 29 | -4.05087e-06
48 - 30 | 0.000110809
48 - 31 | -0.000423965
48 - 32 | 0.000712462
48 - 33 | 0.000980151
48 - 34 | 0.00031947
48 - 35 | -0.00277672
48 - 36 | 0.000565055
48 - 37 | -4.73802e-05
48 - 38 | -2.02616e-06
48 - 39 | 0.000780465
48 - 40 | -0.00286158
48 - 41 | 0.000414577
48 - 42 | -0.000220942
48 - 43 | -0.000922905
48 - 44 | 0.000559144
48 - 45 | -0.000133278
48 - 46 | -1.32592e-06
48 - 47 | -0.000409709
48 - 48 | 0.00453762
48 - 49 | -0.00154405
48 - 50 | 0.000164397
48 - 51 | 0.000267931
48 - 52 | -0.000468085
48 - 53 | 0.000697013
48 - 54 | -0.00051598
48 - 55 | 5.64828e-05
48 - 56 | 0.00029056
48 - 57 | -5.17721e-06
48 - 58 | -0.00020919
48 - 59 | 0.000855012
48 - 60 | 6.74736e-05
48 - 61 | -0.000139431
48 - 62 | -3.58579e-05
48 - 63 | 0.000205283
48 - 64 | -0.000129224
48 - 65 | 3.49717e-05
48 - 66 | 7.7381e-06
49 - 0 | -0.000436121
49 - 1 | -0.000290378
49 - 2 | -6.05036e-07
49 - 3 | -3.85705e-05
49 - 4 | -0.000153073
49 - 5 | -0.000110501
49 - 6 | 0.000348876
49 - 7 | -2.46486e-07
49 - 8 | 0.000260393
49 - 9 | -0.00060548
49 - 10 | 0.00102227
49 - 11 | -0.0011606
49 - 12 | -0.00119489
49 - 13 | 0.000630751
49 - 14 | 4.48124e-06
49 - 15 | 0.000618346
49 - 16 | -0.000149601
49 - 17 | 0.00174717
49 - 18 | -0.00254707
49 - 19 | 0.00183782
49 - 20 | -0.000948242
49 - 21 | -1.68404e-06
49 - 22 | -0.000294966
49 - 23 | 0.000316036
49 - 24 | -0.00019228
49 - 25 | 0.000528283
49 - 26 | 0.00137135
49 - 27 | -0.00114656
49 - 28 | 0.000631933
49 - 29 | 1.26023e-06
49 - 30 | 0.000160769
49 - 31 | -0.000159491
49 - 32 | 0.00160178
49 - 33 | 0.000529682
49 - 34 | 0.000419132
49 - 35 | 0.00194491
49 - 36 | 0.000217054
49 - 37 | -4.78591e-05
49 - 38 | 4.09752e-06
49 - 39 | -0.000120032
49 - 40 | 0.000505828
49 - 41 | -0.00154866
49 - 42 | -0.00143375
49 - 43 | -0.000902165
49 - 44 | -0.000434939
49 - 45 | 0.000154235
49 - 46 | 8.47468e-06
49 - 47 | 0.000161214
49 - 48 | -0.00154405
49 - 49 | 0.010237
49 - 50 | -0.00265031
49 - 51 | 0.0013959
49 - 52 | -0.000210058
49 - 53 | -0.000138084
49 - 54 | 0.000115199
49 - 55 | -0.000199493
49 - 56 | -0.00033945
49 - 57 | 3.63387e-06
49 - 58 | 0.000387488
49 - 59 | -0.00190618
49 - 60 | 0.000304737
49 - 61 | 0.000864961
49 - 62 | -0.000148869
49 - 63 | -0.000125542
49 - 64 | 0.000342461
49 - 65 | -7.26549e-05
49 - 66 | -2.68391e-05
50 - 0 | 0.000278381
50 - 1 | 0.00086548
50 - 2 | -4.77137e-07
50 - 3 | 0.000211745
50 - 4 | 0.000581783
50 - 5 | -0.000169563
50 - 6 | -0.000409219
50 - 7 | 4.4699e-07
50 - 8 | 6.89596e-05
50 - 9 | 0.000524784
50 - 10 | -0.000282387
50 - 11 | 0.00287388
50 - 12 | -0.00152077
50 - 13 | -0.000622756
50 - 14 | -1.02111e-06
50 - 15 | -0.000284877
50 - 16 | -0.00120411
50 - 17 | -0.000248358
50 - 18 | -0.000153057
50 - 19 | -0.000320383
50 - 20 | -0.000598642
50 - 21 | 3.98867e-07
50 - 22 | -0.000230722
50 - 23 | 0.000500047
50 - 24 | -0.00125399
50 - 25 | 0.00178073
50 - 26 | -0.00150148
50 - 27 | 0.00335091
50 - 28 | -0.00109388
50 - 29 | 2.23083e-06
50 - 30 | 4.72542e-05
50 - 31 | 0.000225996
50 - 32 | 0.000951449
50 - 33 | -0.00163879
50 - 34 | -0.00269126
50 - 35 | 0.00182299
50 - 36 | -0.000744953
50 - 37 | 0.00051096
50 - 38 | -4.98149e-06
50 - 39 | -9.50794e-05
50 - 40 | 0.00109807
50 - 41 | 0.00244856
50 - 42 | -0.00279652
50 - 43 | 0.00156979
50 - 44 | -7.17904e-05
50 - 45 | -4.00125e-05
50 - 46 | 2.47642e-06
50 - 47 | 7.62522e-05
50 - 48 | 0.000164397
50 - 49 | -0.00265031
50 - 50 | 0.0136354
50 - 51 | -0.00600571
50 - 52 | 0.00101549
50 - 53 | -0.000201469
50 - 54 | 0.000314248
50 - 55 | -8.05801e-05
50 - 56 | -0.000257959
50 - 57 | 2.53052e-05
50 - 58 | -0.000706954
50 - 59 | 0.00126497
50 - 60 | -0.00217636
50 - 61 | 0.000234118
50 - 62 | -0.0001721
50 - 63 | -0.000157095
50 - 64 | 0.000159482
50 - 65 | -0.000402199
50 - 66 | 5.55065e-06
51 - 0 | 0.000236464
51 - 1 | -0.00121564
51 - 2 | 2.33241e-06
51 - 3 | 0.000485417
51 - 4 | -0.00103934
51 - 5 | 0.000245268
51 - 6 | 0.000504874
51 - 7 | -1.11964e-06
51 - 8 | -0.000805663
51 - 9 | 0.00168505
51 - 10 | -0.000185413
51 - 11 | -0.00166782
51 - 12 | 0.00055688
51 - 13 | 0.000126186
51 - 14 | -6.18393e-07
51 - 15 | 0.000925514
51 - 16 | -1.13296e-05
51 - 17 | -7.54329e-05
51 - 18 | 0.000189893
51 - 19 | 0.00236934
51 - 20 | 0.000114429
51 - 21 | 3.31318e-06
51 - 22 | 0.000792615
51 - 23 | 0.000794297
51 - 24 | 0.0018682
51 - 25 | 0.000572578
51 - 26 | 0.00115463
51 - 27 | -0.000213954
51 - 28 | -0.0008632
51 - 29 | 1.18866e-05
51 - 30 | -8.58563e-05
51 - 31 | 0.000784934
51 - 32 | -0.000874544
51 - 33 | -0.00186417
51 - 34 | 0.00150939
51 - 35 | -0.00403446
51 - 36 | 0.000241697
51 - 37 | 0.000279085
51 - 38 | -2.88124e-07
51 - 39 | -1.09959e-05
51 - 40 | -0.000521128
51 - 41 | -0.0018837
51 - 42 | 0.00220093
51 - 43 | -0.0060264
51 - 44 | -0.000166849
51 - 45 | -6.10197e-05
51 - 46 | 2.35645e-06
51 - 47 | -0.000126313
51 - 48 | 0.000267931
51 - 49 | 0.0013959
51 - 50 | -0.00600571
51 - 51 | 0.0187923
51 - 52 | -0.00487804
51 - 53 | 0.00268506
51 - 54 | -0.00147189
51 - 55 | 0.000105971
51 - 56 | 0.000401002
51 - 57 | -1.36388e-05
51 - 58 | -0.00014179
51 - 59 | 0.0010373
51 - 60 | 0.000641936
51 - 61 | 0.000867871
51 - 62 | -1.24867e-06
51 - 63 | -3.62998e-05
51 - 64 | -0.000217536
51 - 65 | 8.54948e-05
51 - 66 | 8.60105e-06
52 - 0 | -0.000285115
52 - 1 | 0.000514646
52 - 2 | -1.02705e-06
52 - 3 | -6.08986e-05
52 - 4 | 9.00299e-06
52 - 5 | -0.00029513
52 - 6 | 0.000165443
52 - 7 | -3.04154e-07
52 - 8 | -0.000208534
52 - 9 | -0.000392185
52 - 10 | 0.000897014
52 - 11 | -0.000716015
52 - 12 | 0.000354276
52 - 13 | 0.000146413
52 - 14 | -3.21775e-07
52 - 15 | -0.00026462
52 - 16 | -0.000306405
52 - 17 | 0.00028307
52 - 18 | -1.75129e-05
52 - 19 | -0.00103611
52 - 20 | 0.000374294
52 - 21 | -4.98343e-07
52 - 22 | -0.000342938
52 - 23 | -0.000180309
52 - 24 | -0.00153436
52 - 25 | -0.000150491
52 - 26 | -0.000220444
52 - 27 | -0.00144706
52 - 28 | 0.000565657
52 - 29 | 8.8032e-07
52 - 30 | 0.000440184
52 - 31 | 0.00040734
52 - 32 | -0.000105059
52 - 33 | 0.000442516
52 - 34 | 0.000386654
52 - 35 | 0.00211498
52 - 36 | -0.000508295
52 - 37 | 8.01407e-05
52 - 38 | 3.98463e-07
52 - 39 | -0.000286921
52 - 40 | 0.000436183
52 - 41 | -0.00120657
52 - 42 | -0.000534348
52 - 43 | 0.00189223
52 - 44 | -0.000402415
52 - 45 | 2.00751e-05
52 - 46 | 3.31537e-06
52 - 47 | 2.64437e-05
52 - 48 | -0.000468085
52 - 49 | -0.000210058
52 - 50 | 0.00101549
52 - 51 | -0.00487804
52 - 52 | 0.00542602
52 - 53 | -0.00243139
52 - 54 | 0.00113056
52 - 55 | -0.000423872
52 - 56 | 4.48234e-05
52 - 57 | 6.95152e-06
52 - 58 | 0.000269356
52 - 59 | -0.000238546
52 - 60 | -0.000412016
52 - 61 | 0.000456514
52 - 62 | -0.000437069
52 - 63 | -0.000118895
52 - 64 | 0.000315772
52 - 65 | -6.51614e-05
52 - 66 | 5.1311e-06
53 - 0 | 0.000251929
53 - 1 | 0.000115987
53 - 2 | -4.46049e-07
53 - 3 | 0.000211668
53 - 4 | 0.000104397
53 - 5 | -1.76906e-05
53 - 6 | -4.1418e-05
53 - 7 | 3.6471e-07
53 - 8 | 2.45708e-05
53 - 9 | -0.000561656
53 - 10 | 0.0013653
53 - 11 | -0.000359032
53 - 12 | 2.52412e-05
53 - 13 | -0.000186029
53 - 14 | -8.46803e-07
53 - 15 | 0.000336877
53 - 16 | 0.000105632
53 - 17 | 6.56908e-05
53 - 18 | -0.000261094
53 - 19 | 0.000500229
53 - 20 | 0.000157984
53 - 21 | -2.80573e-06
53 - 22 | -0.00053394
53 - 23 | -0.000730193
53 - 24 | 0.00183165
53 - 25 | -0.000146005
53 - 26 | 0.000464594
53 - 27 | 0.000394567
53 - 28 | -0.000408881
53 - 29 | 7.17499e-06
53 - 30 | 4.84643e-05
53 - 31 | -0.000657385
53 - 32 | -0.00122793
53 - 33 | 0.000280181
53 - 34 | -0.00069253
53 - 35 | -0.00207452
53 - 36 | 0.000537605
53 - 37 | 2.36253e-05
53 - 38 | -6.25126e-06
53 - 39 | 0.000189739
53 - 40 | -0.00086229
53 - 41 | -0.00131645
53 - 42 | 0.000925559
53 - 43 | -0.00126356
53 - 44 | -0.000524871
53 - 45 | 0.000145822
53 - 46 | -8.30152e-08
53 - 47 | -2.14936e-05
53 - 48 | 0.000697013
53 - 49 | -0.000138084
53 - 50 | -0.000201469
53 - 51 | 0.00268506
53 - 52 | -0.00243139
53 - 53 | 0.00506293
53 - 54 | -0.00230894
53 - 55 | 0.000700905
53 - 56 | -0.000157718
53 - 57 | -3.44097e-06
53 - 58 | -0.000214967
53 - 59 | 0.000196536
53 - 60 | 0.000560245
53 - 61 | -0.000222664
53 - 62 | -0.000230227
53 - 63 | -0.000151736
53 - 64 | -0.000731948
53 - 65 | 6.6556e-05
53 - 66 | -7.32418e-08
54 - 0 | -0.000290085
54 - 1 | 9.96453e-05
54 - 2 | -3.62368e-07
54 - 3 | 4.52572e-05
54 - 4 | 1.26417e-05
54 - 5 | 4.28062e-05
54 - 6 | 0.000325669
54 - 7 | -7.72108e-07
54 - 8 | 0.000175475
54 - 9 | 0.000319068
54 - 10 | -0.000435289
54 - 11 | 0.00105909
54 - 12 | -0.000412167
54 - 13 | 0.000139681
54 - 14 | 1.96144e-06
54 - 15 | -2.71137e-05
54 - 16 | 9.67372e-05
54 - 17 | 0.000524927
54 - 18 | 0.000502871
54 - 19 | -0.000629676
54 - 20 | 0.000227257
54 - 21 | 2.71713e-06
54 - 22 | -7.11019e-05
54 - 23 | -0.000181947
54 - 24 | -0.00181576
54 - 25 | 7.039e-05
54 - 26 | 0.000585711
54 - 27 | 0.000730822
54 - 28 | -0.000397838
54 - 29 | -7.39776e-06
54 - 30 | 6.02815e-05
54 - 31 | 0.000156675
54 - 32 | 0.000541267
54 - 33 | -0.00126967
54 - 34 | 0.00154642
54 - 35 | -0.00102505
54 - 36 | 3.33759e-05
54 - 37 | 9.66898e-05
54 - 38 | 6.81755e-06
54 - 39 | -0.00031705
54 - 40 | 0.000730295
54 - 41 | 0.000372991
54 - 42 | -0.000422563
54 - 43 | 0.00112957
54 - 44 | -0.000367105
54 - 45 | -6.49987e-05
54 - 46 | -8.53749e-06
54 - 47 | 0.000104713
54 - 48 | -0.00051598
54 - 49 | 0.000115199
54 - 50 | 0.000314248
54 - 51 | -0.00147189
54 - 52 | 0.00113056
54 - 53 | -0.00230894
54 - 54 | 0.00514285
54 - 55 | -0.00158825
54 - 56 | 0.000390537
54 - 57 | -3.90667e-06
54 - 58 | 1.50769e-05
54 - 59 | -0.00112696
54 - 60 | -0.000196829
54 - 61 | 3.93575e-05
54 - 62 | -0.000198652
54 - 63 | 0.00013583
54 - 64 | 5.83023e-05
54 - 65 | 3.34606e-05
54 - 66 | -1.59646e-05
55 - 0 | -2.28036e-05
55 - 1 | -2.28618e-05
55 - 2 | 5.25155e-07
55 - 3 | -9.27889e-05
55 - 4 | 0.000101839
55 - 5 | 8.27639e-05
55 - 6 | -8.5544e-05
55 - 7 | 1.45985e-07
55 - 8 | 0.000174568
55 - 9 | -0.000220946
55 - 10 | 0.00020481
55 - 11 | -6.1647e-05
55 - 12 | 0.000564856
55 - 13 | -0.00042984
55 - 14 | -3.45166e-07
55 - 15 | 0.000177617
55 - 16 | 4.65308e-05
55 - 17 | -0.000683503
55 - 18 | 0.000281811
55 - 19 | -0.000183191
55 - 20 | 0.000504699
55 - 21 | 1.03603e-07
55 - 22 | -3.92762e-05
55 - 23 | -7.74731e-05
55 - 24 | 0.000337711
55 - 25 | 2.25443e-05
55 - 26 | 5.19257e-05
55 - 27 | 4.39256e-05
55 - 28 | -2.20036e-05
55 - 29 | 1.50341e-06
55 - 30 | -3.60599e-05
55 - 31 | 0.000233896
55 - 32 | -8.70501e-05
55 - 33 | -5.61023e-05
55 - 34 | -0.000324924
55 - 35 | -0.000336589
55 - 36 | 0.000137305
55 - 37 | -3.23813e-05
55 - 38 | -4.20285e-07
55 - 39 | 0.000143713
55 - 40 | -0.000219198
55 - 41 | 0.000153899
55 - 42 | -0.000193941
55 - 43 | -5.17676e-05
55 - 44 | 0.00014705
55 - 45 | -3.43493e-05
55 - 46 | 2.07643e-07
55 - 47 | 2.14819e-06
55 - 48 | 5.64828e-05
55 - 49 | -0.000199493
55 - 50 | -8.05801e-05
55 - 51 | 0.000105971
55 - 52 | -0.000423872
55 - 53 | 0.000700905
55 - 54 | -0.00158825
55 - 55 | 0.00153818
55 - 56 | -0.00034931
55 - 57 | 4.15799e-06
55 - 58 | 9.35376e-05
55 - 59 | 1.33042e-05
55 - 60 | 0.00035482
55 - 61 | 1.13516e-05
55 - 62 | 0.000178019
55 - 63 | -0.000212938
55 - 64 | -8.10707e-05
55 - 65 | 3.29768e-05
55 - 66 | -1.54819e-06
56 - 0 | 5.52725e-05
56 - 1 | -2.12421e-05
56 - 2 | 1.54966e-09
56 - 3 | 6.23061e-05
56 - 4 | -2.5049e-05
56 - 5 | -8.2847e-05
56 - 6 | 4.12536e-05
56 - 7 | 1.73986e-07
56 - 8 | -5.97418e-05
56 - 9 | -5.12215e-05
56 - 10 | -0.000179101
56 - 11 | 0.00040625
56 - 12 | -0.00021463
56 - 13 | 9.30876e-06
56 - 14 | 1.1784e-07
56 - 15 | 2.26164e-05
56 - 16 | 3.69956e-05
56 - 17 | 0.000134848
56 - 18 | -0.000154628
56 - 19 | 0.000269967
56 - 20 | 0.000141311
56 - 21 | -1.73322e-07
56 - 22 | 0.000121146
56 - 23 | 5.81003e-05
56 - 24 | -6.88099e-05
56 - 25 | 0.000218077
56 - 26 | -0.000327656
56 - 27 | 7.57505e-05
56 - 28 | -0.000198511
56 - 29 | -9.97226e-08
56 - 30 | 0.000106775
56 - 31 | -8.21617e-05
56 - 32 | -0.000243683
56 - 33 | -0.000234941
56 - 34 | -8.40077e-05
56 - 35 | -5.83321e-05
56 - 36 | 7.73312e-05
56 - 37 | -5.97804e-05
56 - 38 | 8.739e-07
56 - 39 | 7.83686e-05
56 - 40 | -0.000173726
56 - 41 | 0.000204511
56 - 42 | 0.000405966
56 - 43 | -0.000292414
56 - 44 | -4.82417e-05
56 - 45 | 4.5242e-05
56 - 46 | -8.67247e-07
56 - 47 | -6.53963e-06
56 - 48 | 0.00029056
56 - 49 | -0.00033945
56 - 50 | -0.000257959
56 - 51 | 0.000401002
56 - 52 | 4.48234e-05
56 - 53 | -0.000157718
56 - 54 | 0.000390537
56 - 55 | -0.00034931
56 - 56 | 0.000502856
56 - 57 | -1.24612e-05
56 - 58 | -0.000121588
56 - 59 | 0.000177817
56 - 60 | -9.42389e-05
56 - 61 | 1.9248e-05
56 - 62 | -1.5585e-05
56 - 63 | 5.38341e-05
56 - 64 | -0.000161344
56 - 65 | 4.89566e-05
56 - 66 | 9.35812e-07
57 - 0 | -1.60414e-06
57 - 1 | -2.23284e-06
57 - 2 | 1.39046e-09
57 - 3 | -3.05287e-06
57 - 4 | 4.68143e-08
57 - 5 | -1.38742e-06
57 - 6 | 3.08041e-06
57 - 7 | -7.37179e-09
57 - 8 | -2.88315e-07
57 - 9 | 9.86054e-06
57 - 10 | 3.7706e-06
57 - 11 | -2.00457e-05
57 - 12 | -2.81601e-06
57 - 13 | 9.43173e-08
57 - 14 | 3.63774e-08
57 - 15 | -1.96813e-06
57 - 16 | -8.58979e-06
57 - 17 | -6.08898e-06
57 - 18 | -1.95561e-06
57 - 19 | -5.82643e-06
57 - 20 | -1.87938e-06
57 - 21 | 2.77322e-09
57 - 22 | -1.04297e-05
57 - 23 | 1.29071e-05
57 - 24 | -1.63537e-05
57 - 25 | 1.35492e-06
57 - 26 | 3.78901e-06
57 - 27 | 1.57689e-05
57 - 28 | 2.43527e-06
57 - 29 | 4.97456e-08
57 - 30 | -1.45433e-06
57 - 31 | -2.25649e-06
57 - 32 | 6.66278e-06
57 - 33 | -8.84731e-06
57 - 34 | 5.06293e-06
57 - 35 | 1.16269e-05
57 - 36 | -7.47367e-06
57 - 37 | -2.74732e-06
57 - 38 | -6.90558e-09
57 - 39 | -2.22016e-06
57 - 40 | 3.76379e-06
57 - 41 | -1.6796e-05
57 - 42 | -1.35821e-05
57 - 43 | 3.84127e-06
57 - 44 | 1.99975e-06
57 - 45 | 2.07447e-06
57 - 46 | -9.82178e-08
57 - 47 | -3.57765e-07
57 - 48 | -5.17721e-06
57 - 49 | 3.63387e-06
57 - 50 | 2.53052e-05
57 - 51 | -1.36388e-05
57 - 52 | 6.95152e-06
57 - 53 | -3.44097e-06
57 - 54 | -3.90667e-06
57 - 55 | 4.15799e-06
57 - 56 | -1.24612e-05
57 - 57 | 1.31703e-06
57 - 58 | 5.69712e-06
57 - 59 | -7.83263e-06
57 - 60 | -7.97315e-06
57 - 61 | 2.27311e-05
57 - 62 | 1.56922e-06
57 - 63 | -4.75756e-06
57 - 64 | 9.24564e-06
57 - 65 | -5.58492e-06
57 - 66 | 1.85476e-07
58 - 0 | -0.000179913
58 - 1 | 8.16096e-05
58 - 2 | 2.58697e-07
58 - 3 | -6.46676e-05
58 - 4 | -0.000174251
58 - 5 | 0.000104286
58 - 6 | -6.27098e-05
58 - 7 | -1.77507e-07
58 - 8 | 5.69557e-05
58 - 9 | -0.000175704
58 - 10 | -3.10495e-05
58 - 11 | -0.000293127
58 - 12 | 0.000470026
58 - 13 | -0.000306288
58 - 14 | 3.74962e-07
58 - 15 | -5.36863e-05
58 - 16 | -0.000326366
58 - 17 | -8.9712e-05
58 - 18 | 0.000597467
58 - 19 | -0.00021251
58 - 20 | 0.00027047
58 - 21 | 8.93934e-07
58 - 22 | 0.000106216
58 - 23 | -0.000150732
58 - 24 | -0.000187977
58 - 25 | -8.88367e-05
58 - 26 | 0.000602474
58 - 27 | 0.000164704
58 - 28 | -0.000324142
58 - 29 | 1.22507e-06
58 - 30 | 0.000178847
58 - 31 | -0.000297384
58 - 32 | 0.000478579
58 - 33 | -0.000107194
58 - 34 | 0.000151325
58 - 35 | -0.000294075
58 - 36 | 0.000385739
58 - 37 | -8.15251e-05
58 - 38 | 1.18211e-06
58 - 39 | -4.22593e-06
58 - 40 | -0.000101331
58 - 41 | -0.000554314
58 - 42 | -0.000567549
58 - 43 | 0.000523125
58 - 44 | 7.52614e-06
58 - 45 | -2.98576e-05
58 - 46 | 4.73252e-06
58 - 47 | -0.000141098
58 - 48 | -0.00020919
58 - 49 | 0.000387488
58 - 50 | -0.000706954
58 - 51 | -0.00014179
58 - 52 | 0.000269356
58 - 53 | -0.000214967
58 - 54 | 1.50769e-05
58 - 55 | 9.35376e-05
58 - 56 | -0.000121588
58 - 57 | 5.69712e-06
58 - 58 | 0.000863148
58 - 59 | -0.000444597
58 - 60 | 0.000759171
58 - 61 | -0.000168774
58 - 62 | -5.76978e-05
58 - 63 | -0.000140646
58 - 64 | 0.000256704
58 - 65 | -0.000106484
58 - 66 | 1.26523e-06
59 - 0 | 0.000233103
59 - 1 | 0.000223497
59 - 2 | 9.17875e-07
59 - 3 | 0.000137786
59 - 4 | -0.000109385
59 - 5 | -0.000626514
59 - 6 | 3.76244e-06
59 - 7 | 1.06722e-06
59 - 8 | -0.000450128
59 - 9 | 0.0010963
59 - 10 | 0.000194393
59 - 11 | 0.000381987
59 - 12 | -0.000173612
59 - 13 | 0.000232199
59 - 14 | -2.28045e-06
59 - 15 | 0.000547497
59 - 16 | -0.000826005
59 - 17 | -9.65512e-05
59 - 18 | 4.13913e-05
59 - 19 | 0.000328317
59 - 20 | -0.0012321
59 - 21 | 1.85852e-06
59 - 22 | 0.000351966
59 - 23 | -0.000187464
59 - 24 | 0.000169519
59 - 25 | 7.89343e-05
59 - 26 | -0.00120506
59 - 27 | 0.00118756
59 - 28 | 0.000760445
59 - 29 | -3.72433e-06
59 - 30 | -9.84737e-05
59 - 31 | 0.000411472
59 - 32 | -0.00113059
59 - 33 | 0.000350368
59 - 34 | -0.000221666
59 - 35 | 0.000974349
59 - 36 | -0.000407591
59 - 37 | 3.53129e-05
59 - 38 | -4.39682e-06
59 - 39 | 0.000136567
59 - 40 | -0.000475974
59 - 41 | -0.000410462
59 - 42 | 0.00243015
59 - 43 | -0.000264595
59 - 44 | -0.000150909
59 - 45 | 1.09549e-05
59 - 46 | -8.6196e-07
59 - 47 | -1.43736e-05
59 - 48 | 0.000855012
59 - 49 | -0.00190618
59 - 50 | 0.00126497
59 - 51 | 0.0010373
59 - 52 | -0.000238546
59 - 53 | 0.000196536
59 - 54 | -0.00112696
59 - 55 | 1.33042e-05
59 - 56 | 0.000177817
59 - 57 | -7.83263e-06
59 - 58 | -0.000444597
59 - 59 | 0.00645918
59 - 60 | -0.00179737
59 - 61 | -8.96146e-05
59 - 62 | -7.71733e-05
59 - 63 | 0.00033133
59 - 64 | -0.000203842
59 - 65 | -0.000284437
59 - 66 | 1.90726e-05
60 - 0 | 7.59478e-05
60 - 1 | 8.45417e-05
60 - 2 | -2.45357e-06
60 - 3 | -0.00052612
60 - 4 | 0.000246585
60 - 5 | 0.000281121
60 - 6 | -0.000206152
60 - 7 | -1.33543e-06
60 - 8 | 0.000298257
60 - 9 | 0.000231749
60 - 10 | 0.000489952
60 - 11 | -0.000440522
60 - 12 | 0.00129189
60 - 13 | -0.00141124
60 - 14 | 4.86011e-06
60 - 15 | 2.10395e-05
60 - 16 | 0.000244163
60 - 17 | -0.000839052
60 - 18 | 0.000923966
60 - 19 | -0.00087267
60 - 20 | 0.000782429
60 - 21 | 2.61018e-06
60 - 22 | 4.25728e-05
60 - 23 | 1.35792e-05
60 - 24 | -0.000519021
60 - 25 | 0.00194039
60 - 26 | 0.00055049
60 - 27 | -0.00094417
60 - 28 | -2.5504e-05
60 - 29 | -3.2087e-06
60 - 30 | 0.000439975
60 - 31 | -0.000498992
60 - 32 | 0.000127112
60 - 33 | -0.00159818
60 - 34 | 0.00189159
60 - 35 | -0.0014862
60 - 36 | 0.000831861
60 - 37 | 0.000229097
60 - 38 | 2.90736e-06
60 - 39 | 0.000669217
60 - 40 | -0.00169478
60 - 41 | 0.000540141
60 - 42 | -0.00257375
60 - 43 | 0.00122651
60 - 44 | 0.000218307
60 - 45 | -4.70916e-05
60 - 46 | 6.80513e-07
60 - 47 | -0.000206598
60 - 48 | 6.74736e-05
60 - 49 | 0.000304737
60 - 50 | -0.00217636
60 - 51 | 0.000641936
60 - 52 | -0.000412016
60 - 53 | 0.000560245
60 - 54 | -0.000196829
60 - 55 | 0.00035482
60 - 56 | -9.42389e-05
60 - 57 | -7.97315e-06
60 - 58 | 0.000759171
60 - 59 | -0.00179737
60 - 60 | 0.00944247
60 - 61 | -0.00484608
60 - 62 | 0.000309577
60 - 63 | 4.02061e-05
60 - 64 | 0.00017514
60 - 65 | 0.000258113
60 - 66 | 2.25787e-05
61 - 0 | 1.75436e-05
61 - 1 | -0.000319232
61 - 2 | 2.01698e-06
61 - 3 | 0.0003534
61 - 4 | -0.000486154
61 - 5 | -0.000324798
61 - 6 | 0.000229484
61 - 7 | 1.11602e-06
61 - 8 | -0.000272144
61 - 9 | 0.000489087
61 - 10 | 0.00100297
61 - 11 | -0.000205193
61 - 12 | -0.00134296
61 - 13 | 0.00129283
61 - 14 | -1.72479e-06
61 - 15 | 0.0001149
61 - 16 | -0.000115744
61 - 17 | 0.000375987
61 - 18 | -0.000586587
61 - 19 | 0.00120583
61 - 20 | 2.41347e-05
61 - 21 | -2.93325e-06
61 - 22 | -0.000330376
61 - 23 | 0.00108029
61 - 24 | 0.000501644
61 - 25 | -0.00124172
61 - 26 | -0.00013562
61 - 27 | -2.14355e-05
61 - 28 | 0.000119098
61 - 29 | 1.67254e-06
61 - 30 | -0.00025686
61 - 31 | 0.00115323
61 - 32 | -0.000162029
61 - 33 | -0.00161919
61 - 34 | -0.000824727
61 - 35 | 0.00240492
61 - 36 | -0.00102833
61 - 37 | 3.54632e-05
61 - 38 | -1.50718e-06
61 - 39 | -2.27174e-05
61 - 40 | 9.47338e-05
61 - 41 | -0.00114771
61 - 42 | 0.00179068
61 - 43 | -0.00171292
61 - 44 | 0.000335582
61 - 45 | 5.43482e-05
61 - 46 | -5.83908e-06
61 - 47 | 0.000311845
61 - 48 | -0.000139431
61 - 49 | 0.000864961
61 - 50 | 0.000234118
61 - 51 | 0.000867871
61 - 52 | 0.000456514
61 - 53 | -0.000222664
61 - 54 | 3.93575e-05
61 - 55 | 1.13516e-05
61 - 56 | 1.9248e-05
61 - 57 | 2.27311e-05
61 - 58 | -0.000168774
61 - 59 | -8.96146e-05
61 - 60 | -0.00484608
61 - 61 | 0.0116569
61 - 62 | -0.00128093
61 - 63 | -0.000465691
61 - 64 | -0.000299709
61 - 65 | 0.00020906
61 - 66 | -1.71967e-05
62 - 0 | 0.000151686
62 - 1 | -0.000116103
62 - 2 | 3.19133e-07
62 - 3 | -0.000125856
62 - 4 | 0.000121906
62 - 5 | 8.95124e-05
62 - 6 | -6.46774e-05
62 - 7 | -2.40021e-07
62 - 8 | 0.000117513
62 - 9 | 0.000310758
62 - 10 | -0.000768099
62 - 11 | 0.00019245
62 - 12 | 5.65061e-05
62 - 13 | -1.13229e-05
62 - 14 | 8.08604e-07
62 - 15 | -0.00014181
62 - 16 | 0.000113214
62 - 17 | -0.000392435
62 - 18 | 0.000253872
62 - 19 | -0.000322013
62 - 20 | -5.5742e-05
62 - 21 | 4.03071e-08
62 - 22 | -8.9452e-06
62 - 23 | -0.00029753
62 - 24 | 0.000252502
62 - 25 | 1.53043e-05
62 - 26 | -0.000255192
62 - 27 | 0.000490289
62 - 28 | -0.000200987
62 - 29 | 4.28824e-07
62 - 30 | 0.000105695
62 - 31 | -4.10256e-05
62 - 32 | 0.000219752
62 - 33 | -2.42222e-05
62 - 34 | 0.00016525
62 - 35 | 0.000403547
62 - 36 | 0.000438291
62 - 37 | -9.3903e-05
62 - 38 | -2.10264e-07
62 - 39 | -2.89808e-05
62 - 40 | 0.000149313
62 - 41 | 0.000378667
62 - 42 | 0.000314819
62 - 43 | -0.000302366
62 - 44 | -9.93602e-06
62 - 45 | 7.12909e-05
62 - 46 | 4.08034e-07
62 - 47 | -8.02606e-05
62 - 48 | -3.58579e-05
62 - 49 | -0.000148869
62 - 50 | -0.0001721
62 - 51 | -1.24867e-06
62 - 52 | -0.000437069
62 - 53 | -0.000230227
62 - 54 | -0.000198652
62 - 55 | 0.000178019
62 - 56 | -1.5585e-05
62 - 57 | 1.56922e-06
62 - 58 | -5.76978e-05
62 - 59 | -7.71733e-05
62 - 60 | 0.000309577
62 - 61 | -0.00128093
62 - 62 | 0.00108768
62 - 63 | -8.92831e-05
62 - 64 | 0.000237614
62 - 65 | -0.000139393
62 - 66 | -4.2416e-07
63 - 0 | 1.98144e-05
63 - 1 | 8.22537e-05
63 - 2 | -9.14947e-08
63 - 3 | 2.25413e-05
63 - 4 | 2.98486e-05
63 - 5 | 1.64032e-05
63 - 6 | -4.96623e-05
63 - 7 | -2.00716e-08
63 - 8 | 3.50153e-05
63 - 9 | 5.06005e-06
63 - 10 | 7.46693e-05
63 - 11 | -0.000710998
63 - 12 | 0.000815548
63 - 13 | -0.000262793
63 - 14 | 9.84834e-07
63 - 15 | -3.1599e-05
63 - 16 | 7.8147e-05
63 - 17 | 9.08707e-05
63 - 18 | -0.000287038
63 - 19 | 0.000130964
63 - 20 | -0.000334817
63 - 21 | 7.77066e-07
63 - 22 | -1.19324e-05
63 - 23 | -1.92085e-05
63 - 24 | -0.000127646
63 - 25 | 0.000231687
63 - 26 | -0.00105668
63 - 27 | 0.000436994
63 - 28 | -6.5697e-05
63 - 29 | -2.30548e-06
63 - 30 | -0.000176479
63 - 31 | -0.000189767
63 - 32 | -1.94537e-05
63 - 33 | 0.000289094
63 - 34 | 0.000511962
63 - 35 | -0.000129591
63 - 36 | 7.97406e-05
63 - 37 | -0.000145604
63 - 38 | 2.49823e-06
63 - 39 | 2.55582e-05
63 - 40 | 0.000466207
63 - 41 | 0.00040782
63 - 42 | -0.000751697
63 - 43 | 0.000176242
63 - 44 | 3.7637e-05
63 - 45 | -4.85356e-05
63 - 46 | -1.03286e-06
63 - 47 | -4.58193e-05
63 - 48 | 0.000205283
63 - 49 | -0.000125542
63 - 50 | -0.000157095
63 - 51 | -3.62998e-05
63 - 52 | -0.000118895
63 - 53 | -0.000151736
63 - 54 | 0.00013583
63 - 55 | -0.000212938
63 - 56 | 5.38341e-05
63 - 57 | -4.75756e-06
63 - 58 | -0.000140646
63 - 59 | 0.00033133
63 - 60 | 4.02061e-05
63 - 61 | -0.000465691
63 - 62 | -8.92831e-05
63 - 63 | 0.00104146
63 - 64 | -0.000562805
63 - 65 | 0.000229563
63 - 66 | -1.02401e-05
64 - 0 | -0.000179253
64 - 1 | -0.000182739
64 - 2 | 4.41787e-07
64 - 3 | -0.000102437
64 - 4 | -7.35436e-05
64 - 5 | 0.000108128
64 - 6 | -2.90344e-05
64 - 7 | -2.87475e-07
64 - 8 | 8.75646e-06
64 - 9 | 7.56009e-05
64 - 10 | -0.000855579
64 - 11 | 0.00112152
64 - 12 | -0.000877752
64 - 13 | 0.000138252
64 - 14 | -9.24173e-07
64 - 15 | -5.14717e-05
64 - 16 | 6.78598e-05
64 - 17 | 0.000357668
64 - 18 | -0.000170642
64 - 19 | 0.000121712
64 - 20 | 2.47543e-05
64 - 21 | -7.84239e-07
64 - 22 | 7.81303e-05
64 - 23 | 0.00049076
64 - 24 | -0.00052185
64 - 25 | -0.00097647
64 - 26 | 0.000525938
64 - 27 | -0.000167683
64 - 28 | 0.000159561
64 - 29 | -1.01651e-06
64 - 30 | -6.72448e-05
64 - 31 | 0.000517382
64 - 32 | -5.50493e-05
64 - 33 | 1.56292e-05
64 - 34 | 0.00045726
64 - 35 | 0.000159923
64 - 36 | -0.000275337
64 - 37 | 1.88285e-05
64 - 38 | -2.38646e-06
64 - 39 | -0.000102002
64 - 40 | 0.000310006
64 - 41 | 0.000361671
64 - 42 | -0.000156137
64 - 43 | 0.000502232
64 - 44 | -5.30641e-05
64 - 45 | 1.79628e-05
64 - 46 | 1.77399e-06
64 - 47 | -8.89646e-05
64 - 48 | -0.000129224
64 - 49 | 0.000342461
64 - 50 | 0.000159482
64 - 51 | -0.000217536
64 - 52 | 0.000315772
64 - 53 | -0.000731948
64 - 54 | 5.83023e-05
64 - 55 | -8.10707e-05
64 - 56 | -0.000161344
64 - 57 | 9.24564e-06
64 - 58 | 0.000256704
64 - 59 | -0.000203842
64 - 60 | 0.00017514
64 - 61 | -0.000299709
64 - 62 | 0.000237614
64 - 63 | -0.000562805
64 - 64 | 0.00159072
64 - 65 | -0.000468856
64 - 66 | 1.15166e-05
65 - 0 | 7.53531e-05
65 - 1 | 1.06455e-05
65 - 2 | -5.00013e-07
65 - 3 | 8.87299e-05
65 - 4 | 3.86432e-05
65 - 5 | 8.37814e-05
65 - 6 | -7.49224e-05
65 - 7 | 1.52593e-07
65 - 8 | 0.000126369
65 - 9 | -1.76519e-05
65 - 10 | 6.3457e-05
65 - 11 | -0.000285543
65 - 12 | -0.000147026
65 - 13 | 4.27751e-05
65 - 14 | 9.17085e-07
65 - 15 | -6.65829e-05
65 - 16 | 0.000280015
65 - 17 | 6.94617e-05
65 - 18 | -6.08128e-05
65 - 19 | -8.94801e-05
65 - 20 | 6.91949e-05
65 - 21 | -5.25479e-08
65 - 22 | 8.36649e-05
65 - 23 | -0.000104565
65 - 24 | -0.00031636
65 - 25 | 0.000593744
65 - 26 | -0.000343702
65 - 27 | 7.11877e-05
65 - 28 | -2.7496e-05
65 - 29 | -6.94888e-07
65 - 30 | 5.52843e-05
65 - 31 | -2.31677e-05
65 - 32 | -5.7873e-05
65 - 33 | -5.41199e-05
65 - 34 | 0.000175554
65 - 35 | 2.54751e-05
65 - 36 | 7.56706e-05
65 - 37 | 1.25515e-05
65 - 38 | 9.65995e-07
65 - 39 | -7.29062e-05
65 - 40 | 0.000386293
65 - 41 | -0.000273266
65 - 42 | -0.000125971
65 - 43 | -9.75094e-05
65 - 44 | 7.83222e-05
65 - 45 | -1.20972e-05
65 - 46 | 9.99782e-07
65 - 47 | 3.71793e-05
65 - 48 | 3.49717e-05
65 - 49 | -7.26549e-05
65 - 50 | -0.000402199
65 - 51 | 8.54948e-05
65 - 52 | -6.51614e-05
65 - 53 | 6.6556e-05
65 - 54 | 3.34606e-05
65 - 55 | 3.29768e-05
65 - 56 | 4.89566e-05
65 - 57 | -5.58492e-06
65 - 58 | -0.000106484
65 - 59 | -0.000284437
65 - 60 | 0.000258113
65 - 61 | 0.00020906
65 - 62 | -0.000139393
65 - 63 | 0.000229563
65 - 64 | -0.000468856
65 - 65 | 0.000566064
65 - 66 | -1.02624e-05
66 - 0 | 2.74202e-06
66 - 1 | -1.23727e-05
66 - 2 | 1.08048e-08
66 - 3 | -4.98123e-06
66 - 4 | -8.01773e-06
66 - 5 | 3.93359e-06
66 - 6 | -9.14137e-07
66 - 7 | -1.82582e-08
66 - 8 | -1.02455e-05
66 - 9 | -6.18283e-06
66 - 10 | 4.02926e-06
66 - 11 | 2.81679e-06
66 - 12 | 1.9353e-05
66 - 13 | -1.55036e-05
66 - 14 | 7.29792e-09
66 - 15 | 3.22985e-06
66 - 16 | -3.54645e-06
66 - 17 | -2.04011e-05
66 - 18 | 2.22695e-07
66 - 19 | -1.94635e-05
66 - 20 | 8.9077e-06
66 - 21 | 5.87908e-08
66 - 22 | -6.87809e-07
66 - 23 | -2.98853e-06
66 - 24 | 3.13315e-05
66 - 25 | -1.78601e-05
66 - 26 | 3.94961e-05
66 - 27 | 2.19788e-06
66 - 28 | -1.49918e-06
66 - 29 | 1.2358e-07
66 - 30 | -8.89459e-08
66 - 31 | 1.88431e-05
66 - 32 | -9.84363e-06
66 - 33 | 2.33665e-05
66 - 34 | -3.42417e-05
66 - 35 | 1.81548e-05
66 - 36 | -1.35051e-05
66 - 37 | 2.83618e-06
66 - 38 | -1.13426e-07
66 - 39 | 1.02836e-06
66 - 40 | 7.41312e-06
66 - 41 | -2.45821e-05
66 - 42 | 3.27259e-05
66 - 43 | 4.81004e-06
66 - 44 | 6.89861e-06
66 - 45 | 8.03324e-07
66 - 46 | 2.29559e-07
66 - 47 | -2.11029e-06
66 - 48 | 7.7381e-06
66 - 49 | -2.68391e-05
66 - 50 | 5.55065e-06
66 - 51 | 8.60105e-06
66 - 52 | 5.1311e-06
66 - 53 | -7.32418e-08
66 - 54 | -1.59646e-05
66 - 55 | -1.54819e-06
66 - 56 | 9.35812e-07
66 - 57 | 1.85476e-07
66 - 58 | 1.26523e-06
66 - 59 | 1.90726e-05
66 - 60 | 2.25787e-05
66 - 61 | -1.71967e-05
66 - 62 | -4.2416e-07
66 - 63 | -1.02401e-05
66 - 64 | 1.15166e-05
66 - 65 | -1.02624e-05
66 - 66 | 2.22903e-06
