trueNp
0
           trueCThmu
           -1 -0.3 : 0
           -0.3 0.3
                      truePmu
                      0 0.3 : 1
                      0.3 0.4 : 2
                      0.4 30 : 3
           0.3 0.6
                      truePmu
                      0 0.3 : 4
                      0.3 0.4 : 5
                      0.4 0.5 : 6
                      0.5 0.6 : 7
                      0.6 30 : 8
           0.6 0.7
                      truePmu
                      0 0.3 : 9
                      0.3 0.4 : 10
                      0.4 0.5 : 11
                      0.5 0.6 : 12
                      0.6 30 : 13
           0.7 0.8
                      truePmu
                      0 0.3 : 14
                      0.3 0.4 : 15
                      0.4 0.5 : 16
                      0.5 0.6 : 17
                      0.6 0.7 : 18
                      0.7 0.8 : 19
                      0.8 30 : 20
           0.8 0.85
                      truePmu
                      0 0.4 : 21
                      0.4 0.5 : 22
                      0.5 0.6 : 23
                      0.6 0.7 : 24
                      0.7 0.8 : 25
                      0.8 30 : 26
           0.85 0.9
                      truePmu
                      0 0.3 : 27
                      0.3 0.4 : 28
                      0.4 0.5 : 29
                      0.5 0.6 : 30
                      0.6 0.7 : 31
                      0.7 0.8 : 32
                      0.8 1 : 33
                      1 30 : 34
           0.9 0.94
                      truePmu
                      0 0.4 : 35
                      0.4 0.5 : 36
                      0.5 0.6 : 37
                      0.6 0.7 : 38
                      0.7 0.8 : 39
                      0.8 1.25 : 40
                      1.25 30 : 41
           0.94 0.98
                      truePmu
                      0 0.4 : 42
                      0.4 0.5 : 43
                      0.5 0.6 : 44
                      0.6 0.7 : 45
                      0.7 0.8 : 46
                      0.8 1 : 47
                      1 1.25 : 48
                      1.25 1.5 : 49
                      1.5 2 : 50
                      2 30 : 51
           0.98 1
                      truePmu
                      0 0.5 : 52
                      0.5 0.65 : 53
                      0.65 0.8 : 54
                      0.8 1.25 : 55
                      1.25 2 : 56
                      2 3 : 57
                      3 5 : 58
                      5 30 : 59
1
           trueCThmu
           -1 -0.3
                      trueCThp
                      -1 0.87 : 60
                      0.87 0.94 : 61
                      0.94 0.97 : 62
                      0.97 1 : 63
           -0.3 0.3
                      trueCThp
                      -1 0.75 : 64
                      0.75 0.85 : 65
                      0.85 0.94
                                 truePp
                                 0.5 0.68 : 66
                                 0.68 0.78 : 67
                                 0.78 0.9 : 68
                                 0.9 30 : 69
                      0.94 1 : 70
           0.3 0.8
                      trueCThp
                      -1 0.3 : 71
                      0.3 0.5 : 72
                      0.5 0.8
                                 truePp
                                 0.5 0.6 : 73
                                 0.6 0.7 : 74
                                 0.7 0.8 : 75
                                 0.8 0.9 : 76
                                 0.9 30 : 77
                      0.8 1
                                 truePp
                                 0.5 0.6 : 78
                                 0.6 0.7 : 79
                                 0.7 0.8 : 80
                                 0.8 1 : 81
                                 1 30 : 82
           0.8 1
                      trueCThp
                      -1 0 : 83
                      0 0.3 : 84
                      0.3 0.8
                                 truePp
                                 0.5 0.6 : 85
                                 0.6 0.7 : 86
                                 0.7 0.8 : 87
                                 0.8 0.9 : 88
                                 0.9 1.1 : 89
                                 1.1 30 : 90
                      0.8 1 : 91
2 : 92