Units: cross-section (10^-38 cm2/(nucleon x GeV))

row (bin i) - column (bin j) | sigma_i x sigma_j x rho_ij 
0 - 0 | 0.00208994
0 - 1 | 0.000783388
0 - 2 | 8.27113e-07
0 - 3 | 0.000287516
0 - 4 | 0.00238679
0 - 5 | 0.00227464
0 - 6 | 0.000693595
0 - 7 | 9.94706e-07
0 - 8 | 0.000482019
0 - 9 | 0.000598032
0 - 10 | 0.00138427
0 - 11 | 0.00206157
0 - 12 | 0.00137169
0 - 13 | 0.000160399
0 - 14 | 1.10651e-06
0 - 15 | 0.000191869
0 - 16 | 0.000152574
0 - 17 | 0.000748062
0 - 18 | 0.00121246
0 - 19 | 0.0011791
0 - 20 | 0.000413555
0 - 21 | 4.05142e-06
0 - 22 | 0.000205289
0 - 23 | 0.000190211
0 - 24 | 0.000374761
0 - 25 | 0.000804654
0 - 26 | 0.000680305
0 - 27 | 0.000591857
0 - 28 | 0.000396532
0 - 29 | 1.88759e-06
0 - 30 | 3.69115e-05
0 - 31 | -8.58294e-05
0 - 32 | 0.000382052
0 - 33 | 0.000465763
0 - 34 | 0.000205388
0 - 35 | 0.000294355
0 - 36 | 0.000235741
0 - 37 | 0.000193375
0 - 38 | 3.79304e-07
0 - 39 | 0.000155673
0 - 40 | -0.000316552
0 - 41 | 0.000385108
0 - 42 | 0.000146391
0 - 43 | 0.000241218
0 - 44 | 0.000192558
0 - 45 | 7.15331e-05
0 - 46 | 1.25018e-06
0 - 47 | 7.24741e-05
0 - 48 | -0.000243321
0 - 49 | -0.000130782
0 - 50 | -0.000393013
0 - 51 | -0.000301171
0 - 52 | -0.00027568
0 - 53 | -2.0611e-05
0 - 54 | 1.17058e-05
0 - 55 | 4.93951e-05
0 - 56 | 3.63179e-06
0 - 57 | 2.28498e-08
0 - 58 | 3.84925e-05
0 - 59 | -0.00011197
0 - 60 | -0.000174565
0 - 61 | -0.000104517
0 - 62 | -7.53034e-05
0 - 63 | -1.04515e-05
0 - 64 | 4.09072e-05
0 - 65 | 1.41261e-05
0 - 66 | -5.48655e-06
1 - 0 | 0.000783388
1 - 1 | 0.00209348
1 - 2 | 3.10244e-06
1 - 3 | 0.000818414
1 - 4 | -5.91383e-05
1 - 5 | 0.0015995
1 - 6 | 0.00105852
1 - 7 | 1.6462e-06
1 - 8 | 0.000691806
1 - 9 | -0.000773397
1 - 10 | 0.00014534
1 - 11 | 0.000993811
1 - 12 | 0.00108995
1 - 13 | 0.000155104
1 - 14 | 1.2479e-06
1 - 15 | 0.000252105
1 - 16 | -0.000353045
1 - 17 | -0.000295796
1 - 18 | 0.000305449
1 - 19 | 0.000658025
1 - 20 | 0.000270196
1 - 21 | 3.08442e-06
1 - 22 | 0.000337588
1 - 23 | -0.000285369
1 - 24 | -0.00027922
1 - 25 | 6.56276e-05
1 - 26 | 0.000123773
1 - 27 | 0.000284731
1 - 28 | 0.000122756
1 - 29 | 1.58885e-06
1 - 30 | 6.52869e-05
1 - 31 | -0.0002199
1 - 32 | -0.00012137
1 - 33 | 2.03409e-05
1 - 34 | 0.000620617
1 - 35 | 0.000279991
1 - 36 | 0.000180228
1 - 37 | 0.000130736
1 - 38 | 6.70282e-07
1 - 39 | 8.71723e-05
1 - 40 | -0.000382694
1 - 41 | -2.79937e-05
1 - 42 | -1.80482e-07
1 - 43 | 0.000110597
1 - 44 | 2.79625e-06
1 - 45 | 5.12016e-05
1 - 46 | 1.53243e-06
1 - 47 | 7.50271e-05
1 - 48 | -0.000190613
1 - 49 | 0.000198568
1 - 50 | 0.000366823
1 - 51 | 0.000326418
1 - 52 | 0.000315865
1 - 53 | 0.000182243
1 - 54 | 6.87696e-05
1 - 55 | 0.000138984
1 - 56 | 3.44295e-05
1 - 57 | 2.06408e-06
1 - 58 | 7.88126e-05
1 - 59 | -9.16565e-06
1 - 60 | 8.89958e-05
1 - 61 | 0.000185307
1 - 62 | 5.83498e-06
1 - 63 | 5.12544e-05
1 - 64 | 5.56939e-05
1 - 65 | 7.1565e-06
1 - 66 | 8.34382e-07
2 - 0 | 8.27113e-07
2 - 1 | 3.10244e-06
2 - 2 | 6.59184e-09
2 - 3 | 1.747e-06
2 - 4 | -1.36344e-07
2 - 5 | 2.22001e-06
2 - 6 | 1.534e-06
2 - 7 | 2.66198e-09
2 - 8 | 1.43124e-06
2 - 9 | -1.54463e-06
2 - 10 | 3.62848e-07
2 - 11 | 8.1803e-07
2 - 12 | 1.6076e-06
2 - 13 | 2.55465e-07
2 - 14 | 2.17083e-09
2 - 15 | 8.20386e-07
2 - 16 | -6.85698e-07
2 - 17 | -2.68061e-07
2 - 18 | 1.79071e-07
2 - 19 | 8.79276e-07
2 - 20 | 3.99166e-07
2 - 21 | 4.62887e-09
2 - 22 | 7.84901e-07
2 - 23 | -1.18513e-07
2 - 24 | -1.5318e-07
2 - 25 | -2.75466e-07
2 - 26 | 2.49793e-07
2 - 27 | 3.49713e-07
2 - 28 | 1.90828e-07
2 - 29 | 3.38179e-09
2 - 30 | 3.93781e-07
2 - 31 | -3.77705e-07
2 - 32 | -2.73367e-07
2 - 33 | 2.27314e-08
2 - 34 | 1.19256e-06
2 - 35 | 4.09062e-07
2 - 36 | 3.75605e-07
2 - 37 | 1.59457e-07
2 - 38 | 1.72386e-09
2 - 39 | 2.56174e-07
2 - 40 | -2.24576e-07
2 - 41 | 2.16593e-07
2 - 42 | 4.4462e-09
2 - 43 | 2.57883e-07
2 - 44 | -2.605e-08
2 - 45 | 1.14664e-07
2 - 46 | 2.25737e-09
2 - 47 | 3.07342e-07
2 - 48 | 3.58173e-08
2 - 49 | 6.90802e-07
2 - 50 | 7.77507e-07
2 - 51 | 7.97001e-07
2 - 52 | 7.432e-07
2 - 53 | 4.08318e-07
2 - 54 | 1.35109e-07
2 - 55 | 3.41001e-07
2 - 56 | 1.04161e-07
2 - 57 | 9.28802e-09
2 - 58 | 4.37953e-07
2 - 59 | 1.68541e-07
2 - 60 | 4.44284e-07
2 - 61 | 4.00879e-07
2 - 62 | 8.09477e-08
2 - 63 | 8.28667e-08
2 - 64 | 2.12427e-07
2 - 65 | 3.69549e-08
2 - 66 | 1.86156e-08
3 - 0 | 0.000287516
3 - 1 | 0.000818414
3 - 2 | 1.747e-06
3 - 3 | 0.00106235
3 - 4 | 0.000310653
3 - 5 | 0.000851771
3 - 6 | 0.000410566
3 - 7 | 8.93941e-07
3 - 8 | 0.000831799
3 - 9 | -0.000464221
3 - 10 | 0.000200243
3 - 11 | 0.000371524
3 - 12 | 0.00039034
3 - 13 | 8.97861e-05
3 - 14 | 5.53144e-07
3 - 15 | 0.0004485
3 - 16 | -0.00010274
3 - 17 | -0.000175382
3 - 18 | 0.000155459
3 - 19 | 0.000276688
3 - 20 | 0.000150094
3 - 21 | 1.2345e-06
3 - 22 | 0.000418792
3 - 23 | 8.21093e-05
3 - 24 | -0.000107316
3 - 25 | -6.4745e-05
3 - 26 | 0.000142173
3 - 27 | 8.01755e-05
3 - 28 | 0.000115538
3 - 29 | 1.00012e-06
3 - 30 | 0.000260148
3 - 31 | -7.14733e-05
3 - 32 | -0.000227714
3 - 33 | -9.84715e-07
3 - 34 | 0.000275633
3 - 35 | 4.46069e-05
3 - 36 | 0.000105712
3 - 37 | 4.63858e-05
3 - 38 | 4.98841e-07
3 - 39 | 9.53533e-05
3 - 40 | 0.000327045
3 - 41 | -0.000183882
3 - 42 | -2.45714e-05
3 - 43 | 9.15275e-05
3 - 44 | 6.37322e-06
3 - 45 | 3.64713e-05
3 - 46 | 8.62234e-07
3 - 47 | 0.000152131
3 - 48 | 0.000186077
3 - 49 | 2.08873e-05
3 - 50 | 0.00010577
3 - 51 | 0.000168223
3 - 52 | 0.000124091
3 - 53 | 7.22445e-05
3 - 54 | 2.62994e-05
3 - 55 | 9.57198e-05
3 - 56 | 7.23341e-05
3 - 57 | 2.34605e-06
3 - 58 | 0.000178526
3 - 59 | 9.14371e-05
3 - 60 | 8.48284e-05
3 - 61 | 0.000102456
3 - 62 | 1.41618e-05
3 - 63 | 1.03886e-05
3 - 64 | 3.85372e-05
3 - 65 | 6.42156e-05
3 - 66 | 5.32597e-06
4 - 0 | 0.00238679
4 - 1 | -5.91383e-05
4 - 2 | -1.36344e-07
4 - 3 | 0.000310653
4 - 4 | 0.00821893
4 - 5 | 0.00405344
4 - 6 | 0.00072914
4 - 7 | 1.03821e-06
4 - 8 | 0.00135825
4 - 9 | 0.00183643
4 - 10 | 0.00429707
4 - 11 | 0.0035872
4 - 12 | 0.00205273
4 - 13 | 0.000219232
4 - 14 | 2.14492e-06
4 - 15 | 0.000949446
4 - 16 | 0.00105831
4 - 17 | 0.00309191
4 - 18 | 0.00300638
4 - 19 | 0.0019812
4 - 20 | 0.000770185
4 - 21 | 7.49034e-06
4 - 22 | 0.00106418
4 - 23 | 0.000486147
4 - 24 | 0.00234668
4 - 25 | 0.00226811
4 - 26 | 0.00155331
4 - 27 | 0.00142844
4 - 28 | 0.000735737
4 - 29 | 6.10286e-06
4 - 30 | 0.000571822
4 - 31 | 0.000848287
4 - 32 | 0.00027635
4 - 33 | 0.00211638
4 - 34 | 0.000857878
4 - 35 | 0.000469466
4 - 36 | 0.00064459
4 - 37 | 0.000328567
4 - 38 | 1.89195e-06
4 - 39 | -7.52481e-05
4 - 40 | 0.001745
4 - 41 | 0.00114361
4 - 42 | 0.00073376
4 - 43 | 0.000910947
4 - 44 | 0.000635892
4 - 45 | 0.000292767
4 - 46 | 3.32608e-06
4 - 47 | 0.000246563
4 - 48 | 0.00100076
4 - 49 | 3.805e-05
4 - 50 | -0.000294914
4 - 51 | -0.000220234
4 - 52 | -0.000313334
4 - 53 | -0.000151374
4 - 54 | 0.000393347
4 - 55 | 0.00041525
4 - 56 | 0.000178547
4 - 57 | 1.47782e-05
4 - 58 | 0.000549254
4 - 59 | 0.000430473
4 - 60 | -0.000133013
4 - 61 | 5.64971e-07
4 - 62 | -6.1289e-05
4 - 63 | -2.99346e-05
4 - 64 | 0.000418073
4 - 65 | 0.000274243
4 - 66 | 3.91985e-05
5 - 0 | 0.00227464
5 - 1 | 0.0015995
5 - 2 | 2.22001e-06
5 - 3 | 0.000851771
5 - 4 | 0.00405344
5 - 5 | 0.00394871
5 - 6 | 0.00119869
5 - 7 | 2.04232e-06
5 - 8 | 0.00131713
5 - 9 | 0.000197914
5 - 10 | 0.0024838
5 - 11 | 0.00280222
5 - 12 | 0.0021803
5 - 13 | 0.000251557
5 - 14 | 1.98298e-06
5 - 15 | 0.000648587
5 - 16 | -4.97123e-06
5 - 17 | 0.00141849
5 - 18 | 0.00167526
5 - 19 | 0.0018045
5 - 20 | 0.000588143
5 - 21 | 7.19457e-06
5 - 22 | 0.00071255
5 - 23 | -0.000197009
5 - 24 | 0.000957121
5 - 25 | 0.0010845
5 - 26 | 0.000970866
5 - 27 | 0.0010004
5 - 28 | 0.000552505
5 - 29 | 3.4579e-06
5 - 30 | 0.000284904
5 - 31 | -0.000124255
5 - 32 | 0.000326171
5 - 33 | 0.000803596
5 - 34 | 0.000739501
5 - 35 | 0.000438818
5 - 36 | 0.000458257
5 - 37 | 0.000275746
5 - 38 | 1.24612e-06
5 - 39 | 9.22361e-05
5 - 40 | 7.05935e-06
5 - 41 | 0.000797822
5 - 42 | 0.000231122
5 - 43 | 0.00052644
5 - 44 | 0.000283164
5 - 45 | 0.000167507
5 - 46 | 1.869e-06
5 - 47 | 0.000131188
5 - 48 | 3.16741e-05
5 - 49 | 3.65874e-05
5 - 50 | -0.000276451
5 - 51 | -0.000128989
5 - 52 | -0.000150612
5 - 53 | -3.30024e-06
5 - 54 | 0.000124801
5 - 55 | 0.000234588
5 - 56 | 6.20282e-05
5 - 57 | 5.3461e-06
5 - 58 | 0.000222574
5 - 59 | 4.63041e-05
5 - 60 | -0.000184845
5 - 61 | 3.75818e-05
5 - 62 | -8.70182e-05
5 - 63 | -1.43967e-05
5 - 64 | 0.000133736
5 - 65 | 6.44332e-05
5 - 66 | 1.14506e-05
6 - 0 | 0.000693595
6 - 1 | 0.00105852
6 - 2 | 1.534e-06
6 - 3 | 0.000410566
6 - 4 | 0.00072914
6 - 5 | 0.00119869
6 - 6 | 0.000734122
6 - 7 | 9.15882e-07
6 - 8 | 0.000464687
6 - 9 | -0.000193942
6 - 10 | 0.000422517
6 - 11 | 0.00113427
6 - 12 | 0.000840725
6 - 13 | 0.000115283
6 - 14 | 8.19149e-07
6 - 15 | 0.000205245
6 - 16 | -8.2333e-05
6 - 17 | -1.72497e-05
6 - 18 | 0.000674978
6 - 19 | 0.00058034
6 - 20 | 0.00027552
6 - 21 | 2.02149e-06
6 - 22 | 0.000261099
6 - 23 | -7.96366e-05
6 - 24 | -7.06271e-05
6 - 25 | 0.000343079
6 - 26 | 0.000297832
6 - 27 | 0.000318268
6 - 28 | 0.000164395
6 - 29 | 1.23798e-06
6 - 30 | 8.29296e-05
6 - 31 | -8.11786e-06
6 - 32 | -0.00028448
6 - 33 | 0.000390469
6 - 34 | 0.000419242
6 - 35 | 0.000197554
6 - 36 | 0.000194417
6 - 37 | 0.000123429
6 - 38 | 3.17771e-07
6 - 39 | 1.38352e-05
6 - 40 | 1.23021e-06
6 - 41 | -0.000138083
6 - 42 | 0.000157331
6 - 43 | 0.000109158
6 - 44 | 0.000107151
6 - 45 | 4.97777e-05
6 - 46 | 8.42122e-07
6 - 47 | 7.73212e-05
6 - 48 | -3.15621e-05
6 - 49 | -3.57897e-05
6 - 50 | 0.00013253
6 - 51 | 9.12346e-05
6 - 52 | 0.000151323
6 - 53 | 5.54637e-05
6 - 54 | 9.96312e-05
6 - 55 | 5.43598e-05
6 - 56 | 3.63167e-05
6 - 57 | 2.67497e-06
6 - 58 | 9.64957e-05
6 - 59 | -1.80031e-05
6 - 60 | 4.4555e-05
6 - 61 | 7.37516e-05
6 - 62 | -5.01726e-06
6 - 63 | 2.01705e-05
6 - 64 | 6.58655e-05
6 - 65 | 2.94435e-05
6 - 66 | 3.46734e-06
7 - 0 | 9.94706e-07
7 - 1 | 1.6462e-06
7 - 2 | 2.66198e-09
7 - 3 | 8.93941e-07
7 - 4 | 1.03821e-06
7 - 5 | 2.04232e-06
7 - 6 | 9.15882e-07
7 - 7 | 1.78181e-09
7 - 8 | 9.67202e-07
7 - 9 | -4.60977e-07
7 - 10 | 8.12482e-07
7 - 11 | 1.20996e-06
7 - 12 | 1.19591e-06
7 - 13 | 1.80769e-07
7 - 14 | 1.43993e-09
7 - 15 | 4.66602e-07
7 - 16 | -2.54951e-07
7 - 17 | 2.37456e-07
7 - 18 | 4.96483e-07
7 - 19 | 9.13223e-07
7 - 20 | 3.03805e-07
7 - 21 | 4.59069e-09
7 - 22 | 4.93345e-07
7 - 23 | -1.83218e-07
7 - 24 | 1.48874e-07
7 - 25 | 2.87213e-07
7 - 26 | 3.04994e-07
7 - 27 | 4.92573e-07
7 - 28 | 2.45701e-07
7 - 29 | 2.52044e-09
7 - 30 | 1.95862e-07
7 - 31 | -1.76597e-07
7 - 32 | 5.7414e-08
7 - 33 | 1.36832e-07
7 - 34 | 6.57557e-07
7 - 35 | 2.72206e-07
7 - 36 | 2.75351e-07
7 - 37 | 1.46512e-07
7 - 38 | 1.10463e-09
7 - 39 | 1.57043e-07
7 - 40 | -8.91044e-08
7 - 41 | 4.17688e-07
7 - 42 | 1.51493e-08
7 - 43 | 2.63143e-07
7 - 44 | 9.87702e-08
7 - 45 | 9.77236e-08
7 - 46 | 1.92811e-09
7 - 47 | 1.34591e-07
7 - 48 | -2.07614e-08
7 - 49 | 1.96093e-07
7 - 50 | 1.63883e-07
7 - 51 | 2.20263e-07
7 - 52 | 1.78289e-07
7 - 53 | 1.41316e-07
7 - 54 | 8.95932e-08
7 - 55 | 2.06459e-07
7 - 56 | 5.245e-08
7 - 57 | 3.96488e-09
7 - 58 | 1.8259e-07
7 - 59 | 8.39294e-08
7 - 60 | 4.78486e-08
7 - 61 | 1.75964e-07
7 - 62 | -1.39945e-08
7 - 63 | 4.21412e-08
7 - 64 | 9.77682e-08
7 - 65 | 5.47428e-08
7 - 66 | 7.01766e-09
8 - 0 | 0.000482019
8 - 1 | 0.000691806
8 - 2 | 1.43124e-06
8 - 3 | 0.000831799
8 - 4 | 0.00135825
8 - 5 | 0.00131713
8 - 6 | 0.000464687
8 - 7 | 9.67202e-07
8 - 8 | 0.00116158
8 - 9 | -0.000321209
8 - 10 | 0.000572167
8 - 11 | 0.000856676
8 - 12 | 0.00062676
8 - 13 | 8.56923e-05
8 - 14 | 8.04578e-07
8 - 15 | 0.000547861
8 - 16 | -2.67324e-05
8 - 17 | 0.000157095
8 - 18 | 0.000568503
8 - 19 | 0.000430261
8 - 20 | 0.0002337
8 - 21 | 1.8755e-06
8 - 22 | 0.000562422
8 - 23 | -5.66716e-05
8 - 24 | 0.000197216
8 - 25 | 0.000231907
8 - 26 | 0.000310454
8 - 27 | 0.000239942
8 - 28 | 0.0001742
8 - 29 | 1.01007e-06
8 - 30 | 0.0003267
8 - 31 | 0.000134704
8 - 32 | -0.00032026
8 - 33 | 0.000398379
8 - 34 | 0.000405142
8 - 35 | 0.000147483
8 - 36 | 0.000189907
8 - 37 | 0.00010467
8 - 38 | 4.07673e-07
8 - 39 | 1.28853e-05
8 - 40 | 0.000662918
8 - 41 | -5.28135e-05
8 - 42 | 0.00016323
8 - 43 | 0.000136291
8 - 44 | 0.00010663
8 - 45 | 6.715e-05
8 - 46 | 6.71849e-07
8 - 47 | 0.000129726
8 - 48 | 0.000347816
8 - 49 | 3.16463e-06
8 - 50 | 7.94107e-05
8 - 51 | 0.000172223
8 - 52 | 0.000130883
8 - 53 | 6.21585e-05
8 - 54 | 8.49519e-05
8 - 55 | 0.000104691
8 - 56 | 6.00613e-05
8 - 57 | 3.56013e-06
8 - 58 | 0.000179315
8 - 59 | 0.000146421
8 - 60 | 6.19561e-05
8 - 61 | 8.78481e-05
8 - 62 | 4.43061e-06
8 - 63 | 2.75786e-05
8 - 64 | 8.79592e-05
8 - 65 | 6.85469e-05
8 - 66 | 8.84291e-06
9 - 0 | 0.000598032
9 - 1 | -0.000773397
9 - 2 | -1.54463e-06
9 - 3 | -0.000464221
9 - 4 | 0.00183643
9 - 5 | 0.000197914
9 - 6 | -0.000193942
9 - 7 | -4.60977e-07
9 - 8 | -0.000321209
9 - 9 | 0.0019113
9 - 10 | 0.000847836
9 - 11 | 0.000788149
9 - 12 | 3.26052e-05
9 - 13 | 1.58235e-05
9 - 14 | -1.7874e-08
9 - 15 | -8.10038e-05
9 - 16 | 0.000791031
9 - 17 | 0.000750494
9 - 18 | 0.000661971
9 - 19 | 0.000359289
9 - 20 | 0.000105269
9 - 21 | 9.84147e-07
9 - 22 | -5.18294e-05
9 - 23 | 0.000659015
9 - 24 | 0.000681845
9 - 25 | 0.000782244
9 - 26 | 0.000392521
9 - 27 | 0.000344198
9 - 28 | 0.000137112
9 - 29 | 1.34422e-06
9 - 30 | -3.69371e-05
9 - 31 | 0.00043684
9 - 32 | 0.0005502
9 - 33 | 0.000582373
9 - 34 | 5.69556e-05
9 - 35 | 0.00014553
9 - 36 | 8.48918e-05
9 - 37 | 5.11196e-05
9 - 38 | 4.69646e-07
9 - 39 | 0.000111978
9 - 40 | 0.00049377
9 - 41 | 0.000578451
9 - 42 | 0.000236461
9 - 43 | 0.000309436
9 - 44 | 0.0002127
9 - 45 | 5.42301e-05
9 - 46 | 1.01816e-06
9 - 47 | 6.50053e-05
9 - 48 | 0.000295519
9 - 49 | 0.000122043
9 - 50 | 5.27541e-05
9 - 51 | -1.73988e-05
9 - 52 | -0.000139103
9 - 53 | 3.89726e-05
9 - 54 | 9.48393e-05
9 - 55 | 8.56343e-05
9 - 56 | 3.18752e-05
9 - 57 | 7.15315e-07
9 - 58 | 5.30484e-05
9 - 59 | 0.000128974
9 - 60 | 0.000119138
9 - 61 | 0.000107224
9 - 62 | 8.25424e-06
9 - 63 | 8.12253e-05
9 - 64 | 0.000108387
9 - 65 | 9.28405e-05
9 - 66 | 1.66144e-06
10 - 0 | 0.00138427
10 - 1 | 0.00014534
10 - 2 | 3.62848e-07
10 - 3 | 0.000200243
10 - 4 | 0.00429707
10 - 5 | 0.0024838
10 - 6 | 0.000422517
10 - 7 | 8.12482e-07
10 - 8 | 0.000572167
10 - 9 | 0.000847836
10 - 10 | 0.0028646
10 - 11 | 0.00169057
10 - 12 | 0.00135414
10 - 13 | 0.000145725
10 - 14 | 1.46632e-06
10 - 15 | 0.000527938
10 - 16 | 0.00038048
10 - 17 | 0.00208709
10 - 18 | 0.00141359
10 - 19 | 0.00135624
10 - 20 | 0.000392438
10 - 21 | 5.88025e-06
10 - 22 | 0.000548404
10 - 23 | 0.00027025
10 - 24 | 0.00156905
10 - 25 | 0.00117438
10 - 26 | 0.000832788
10 - 27 | 0.000868002
10 - 28 | 0.000468669
10 - 29 | 4.41024e-06
10 - 30 | 0.000291541
10 - 31 | 0.000113659
10 - 32 | 0.000599384
10 - 33 | 0.000911312
10 - 34 | 0.000687127
10 - 35 | 0.000257377
10 - 36 | 0.000403192
10 - 37 | 0.000149342
10 - 38 | 1.51211e-06
10 - 39 | 0.000104753
10 - 40 | 0.000528939
10 - 41 | 0.00123291
10 - 42 | 0.000190412
10 - 43 | 0.00069685
10 - 44 | 0.000324228
10 - 45 | 0.000181648
10 - 46 | 2.88508e-06
10 - 47 | 0.000179023
10 - 48 | 0.000341763
10 - 49 | 0.000330175
10 - 50 | -0.000179466
10 - 51 | -8.88779e-05
10 - 52 | -0.000167603
10 - 53 | -5.88766e-05
10 - 54 | 0.000188438
10 - 55 | 0.000286963
10 - 56 | 0.000106961
10 - 57 | 9.55989e-06
10 - 58 | 0.000384715
10 - 59 | 0.000237104
10 - 60 | -6.47201e-05
10 - 61 | 6.36278e-05
10 - 62 | -4.54011e-05
10 - 63 | -4.00599e-05
10 - 64 | 0.000219053
10 - 65 | 0.000144443
10 - 66 | 2.442e-05
11 - 0 | 0.00206157
11 - 1 | 0.000993811
11 - 2 | 8.1803e-07
11 - 3 | 0.000371524
11 - 4 | 0.0035872
11 - 5 | 0.00280222
11 - 6 | 0.00113427
11 - 7 | 1.20996e-06
11 - 8 | 0.000856676
11 - 9 | 0.000788149
11 - 10 | 0.00169057
11 - 11 | 0.00358639
11 - 12 | 0.0016212
11 - 13 | 0.00024836
11 - 14 | 1.31323e-06
11 - 15 | 0.000371342
11 - 16 | 0.000322044
11 - 17 | 0.000744168
11 - 18 | 0.00235585
11 - 19 | 0.00154072
11 - 20 | 0.000683833
11 - 21 | 4.39154e-06
11 - 22 | 0.000503237
11 - 23 | 0.000189008
11 - 24 | 0.000335097
11 - 25 | 0.00154421
11 - 26 | 0.00107575
11 - 27 | 0.0009727
11 - 28 | 0.000549796
11 - 29 | 2.689e-06
11 - 30 | 0.000181941
11 - 31 | 0.000307443
11 - 32 | -0.000443022
11 - 33 | 0.00146525
11 - 34 | 0.00055518
11 - 35 | 0.000485765
11 - 36 | 0.000437685
11 - 37 | 0.00033207
11 - 38 | 3.11825e-07
11 - 39 | -7.8809e-05
11 - 40 | 0.000357746
11 - 41 | -0.000223486
11 - 42 | 0.000566994
11 - 43 | 0.000378577
11 - 44 | 0.000412179
11 - 45 | 0.000138146
11 - 46 | 1.05951e-06
11 - 47 | 0.000118051
11 - 48 | 7.07841e-05
11 - 49 | -0.000441609
11 - 50 | -0.000123779
11 - 51 | -0.000177793
11 - 52 | -0.000106333
11 - 53 | -3.2875e-05
11 - 54 | 0.00022347
11 - 55 | 2.81094e-05
11 - 56 | 8.56963e-05
11 - 57 | 4.12667e-06
11 - 58 | 0.000158244
11 - 59 | -6.26331e-05
11 - 60 | -0.000133848
11 - 61 | -3.21925e-05
11 - 62 | -5.75195e-05
11 - 63 | 1.65426e-05
11 - 64 | 0.000169245
11 - 65 | 5.73734e-05
11 - 66 | 4.64333e-06
12 - 0 | 0.00137169
12 - 1 | 0.00108995
12 - 2 | 1.6076e-06
12 - 3 | 0.00039034
12 - 4 | 0.00205273
12 - 5 | 0.0021803
12 - 6 | 0.000840725
12 - 7 | 1.19591e-06
12 - 8 | 0.00062676
12 - 9 | 3.26052e-05
12 - 10 | 0.00135414
12 - 11 | 0.0016212
12 - 12 | 0.00186336
12 - 13 | 0.000115804
12 - 14 | 1.59513e-06
12 - 15 | 0.000306244
12 - 16 | 4.39984e-06
12 - 17 | 0.000809102
12 - 18 | 0.00104254
12 - 19 | 0.00117489
12 - 20 | 0.00044891
12 - 21 | 4.57326e-06
12 - 22 | 0.000413069
12 - 23 | -8.61555e-05
12 - 24 | 0.000577451
12 - 25 | 0.000660115
12 - 26 | 0.000697744
12 - 27 | 0.000654528
12 - 28 | 0.000413118
12 - 29 | 2.21486e-06
12 - 30 | 0.000100587
12 - 31 | -7.79957e-05
12 - 32 | 0.000246628
12 - 33 | 0.00048193
12 - 34 | 0.000498341
12 - 35 | 0.000307882
12 - 36 | 0.000350099
12 - 37 | 0.000193126
12 - 38 | 7.95008e-07
12 - 39 | 0.000130439
12 - 40 | -0.000241587
12 - 41 | 0.000535364
12 - 42 | 0.000178694
12 - 43 | 0.000392968
12 - 44 | 0.000185167
12 - 45 | 0.000110651
12 - 46 | 1.97005e-06
12 - 47 | 0.000101093
12 - 48 | -7.70182e-05
12 - 49 | 0.000126073
12 - 50 | -9.25526e-05
12 - 51 | -9.82869e-06
12 - 52 | -3.47895e-05
12 - 53 | 7.4667e-05
12 - 54 | 0.000129897
12 - 55 | 0.000174585
12 - 56 | 4.63739e-05
12 - 57 | 4.90888e-06
12 - 58 | 0.000169006
12 - 59 | 1.43689e-05
12 - 60 | -3.07845e-05
12 - 61 | 3.74906e-05
12 - 62 | -3.50373e-05
12 - 63 | 4.88421e-06
12 - 64 | 0.000130981
12 - 65 | 6.46044e-05
12 - 66 | 8.08846e-06
13 - 0 | 0.000160399
13 - 1 | 0.000155104
13 - 2 | 2.55465e-07
13 - 3 | 8.97861e-05
13 - 4 | 0.000219232
13 - 5 | 0.000251557
13 - 6 | 0.000115283
13 - 7 | 1.80769e-07
13 - 8 | 8.56923e-05
13 - 9 | 1.58235e-05
13 - 10 | 0.000145725
13 - 11 | 0.00024836
13 - 12 | 0.000115804
13 - 13 | 5.35708e-05
13 - 14 | 1.02191e-07
13 - 15 | 5.07587e-05
13 - 16 | 1.26406e-06
13 - 17 | 6.98624e-05
13 - 18 | 0.00012454
13 - 19 | 0.000165375
13 - 20 | 4.64975e-05
13 - 21 | 6.43831e-07
13 - 22 | 6.02856e-05
13 - 23 | 1.52796e-05
13 - 24 | 3.61677e-05
13 - 25 | 0.000101508
13 - 26 | 6.50351e-05
13 - 27 | 0.000100013
13 - 28 | 5.3021e-05
13 - 29 | 3.9927e-07
13 - 30 | 2.92253e-05
13 - 31 | -2.14542e-06
13 - 32 | -8.40989e-06
13 - 33 | 5.71845e-05
13 - 34 | 7.51096e-05
13 - 35 | 5.24829e-05
13 - 36 | 3.78282e-05
13 - 37 | 2.93536e-05
13 - 38 | 1.17392e-07
13 - 39 | 6.94768e-06
13 - 40 | -4.81656e-06
13 - 41 | 3.25439e-05
13 - 42 | 1.95127e-05
13 - 43 | 5.08149e-05
13 - 44 | 2.45615e-05
13 - 45 | 1.20733e-05
13 - 46 | 2.81842e-07
13 - 47 | 2.52409e-05
13 - 48 | -9.99656e-06
13 - 49 | 9.8633e-06
13 - 50 | 4.30795e-06
13 - 51 | 9.14958e-06
13 - 52 | 7.47797e-06
13 - 53 | 3.01381e-06
13 - 54 | 2.39512e-05
13 - 55 | 1.34812e-05
13 - 56 | 8.59528e-06
13 - 57 | 5.77812e-07
13 - 58 | 2.82938e-05
13 - 59 | 3.04536e-06
13 - 60 | 1.34253e-06
13 - 61 | 1.51269e-05
13 - 62 | -1.25801e-06
13 - 63 | 4.83093e-06
13 - 64 | 6.68811e-06
13 - 65 | 1.1966e-05
13 - 66 | 8.79796e-07
14 - 0 | 1.10651e-06
14 - 1 | 1.2479e-06
14 - 2 | 2.17083e-09
14 - 3 | 5.53144e-07
14 - 4 | 2.14492e-06
14 - 5 | 1.98298e-06
14 - 6 | 8.19149e-07
14 - 7 | 1.43993e-09
14 - 8 | 8.04578e-07
14 - 9 | -1.7874e-08
14 - 10 | 1.46632e-06
14 - 11 | 1.31323e-06
14 - 12 | 1.59513e-06
14 - 13 | 1.02191e-07
14 - 14 | 2.59062e-09
14 - 15 | 5.18444e-07
14 - 16 | 6.6241e-08
14 - 17 | 1.04867e-06
14 - 18 | 8.76549e-07
14 - 19 | 1.00906e-06
14 - 20 | 4.25198e-07
14 - 21 | 5.78705e-09
14 - 22 | 5.43496e-07
14 - 23 | 1.5944e-07
14 - 24 | 7.70367e-07
14 - 25 | 6.91396e-07
14 - 26 | 5.25548e-07
14 - 27 | 6.28662e-07
14 - 28 | 3.59231e-07
14 - 29 | 4.82897e-09
14 - 30 | 2.2351e-07
14 - 31 | 1.12107e-07
14 - 32 | 2.60496e-07
14 - 33 | 4.69376e-07
14 - 34 | 6.99161e-07
14 - 35 | 3.36888e-07
14 - 36 | 3.8324e-07
14 - 37 | 1.64319e-07
14 - 38 | 1.76805e-09
14 - 39 | 2.38064e-07
14 - 40 | 1.81034e-07
14 - 41 | 8.70032e-07
14 - 42 | 1.02058e-07
14 - 43 | 4.56761e-07
14 - 44 | 1.91471e-07
14 - 45 | 1.80326e-07
14 - 46 | 3.53106e-09
14 - 47 | 1.83674e-07
14 - 48 | 2.38886e-07
14 - 49 | 4.11877e-07
14 - 50 | 1.98007e-07
14 - 51 | 1.92659e-07
14 - 52 | 1.27535e-07
14 - 53 | 1.69476e-07
14 - 54 | 1.94801e-07
14 - 55 | 4.15979e-07
14 - 56 | 9.36797e-08
14 - 57 | 9.36479e-09
14 - 58 | 3.26209e-07
14 - 59 | 2.62656e-07
14 - 60 | 9.00187e-08
14 - 61 | 1.22179e-07
14 - 62 | 9.04172e-09
14 - 63 | -1.07166e-09
14 - 64 | 3.22484e-07
14 - 65 | 1.17269e-07
14 - 66 | 1.84036e-08
15 - 0 | 0.000191869
15 - 1 | 0.000252105
15 - 2 | 8.20386e-07
15 - 3 | 0.0004485
15 - 4 | 0.000949446
15 - 5 | 0.000648587
15 - 6 | 0.000205245
15 - 7 | 4.66602e-07
15 - 8 | 0.000547861
15 - 9 | -8.10038e-05
15 - 10 | 0.000527938
15 - 11 | 0.000371342
15 - 12 | 0.000306244
15 - 13 | 5.07587e-05
15 - 14 | 5.18444e-07
15 - 15 | 0.000382018
15 - 16 | 2.13853e-05
15 - 17 | 0.000305138
15 - 18 | 0.000310778
15 - 19 | 0.000241219
15 - 20 | 0.000121144
15 - 21 | 1.38491e-06
15 - 22 | 0.000336072
15 - 23 | 0.000119473
15 - 24 | 0.000266814
15 - 25 | 0.000166208
15 - 26 | 0.000188503
15 - 27 | 0.000174735
15 - 28 | 0.000105031
15 - 29 | 1.2099e-06
15 - 30 | 0.000228865
15 - 31 | 0.000104678
15 - 32 | -0.000136204
15 - 33 | 0.000239151
15 - 34 | 0.000258117
15 - 35 | 7.32742e-05
15 - 36 | 0.000132556
15 - 37 | 3.4496e-05
15 - 38 | 5.45921e-07
15 - 39 | 4.58293e-05
15 - 40 | 0.000427714
15 - 41 | 0.000157268
15 - 42 | 5.63815e-05
15 - 43 | 0.000165914
15 - 44 | 6.15169e-05
15 - 45 | 5.40442e-05
15 - 46 | 6.25326e-07
15 - 47 | 0.000123285
15 - 48 | 0.00028117
15 - 49 | 8.91838e-05
15 - 50 | 9.7005e-05
15 - 51 | 0.000121609
15 - 52 | 7.86021e-05
15 - 53 | 3.9284e-05
15 - 54 | 6.53433e-05
15 - 55 | 0.000109839
15 - 56 | 5.50903e-05
15 - 57 | 3.79491e-06
15 - 58 | 0.000188312
15 - 59 | 0.000141805
15 - 60 | 6.04277e-05
15 - 61 | 7.51416e-05
15 - 62 | 1.35656e-05
15 - 63 | -3.36673e-06
15 - 64 | 8.93461e-05
15 - 65 | 6.8614e-05
15 - 66 | 9.95079e-06
16 - 0 | 0.000152574
16 - 1 | -0.000353045
16 - 2 | -6.85698e-07
16 - 3 | -0.00010274
16 - 4 | 0.00105831
16 - 5 | -4.97123e-06
16 - 6 | -8.2333e-05
16 - 7 | -2.54951e-07
16 - 8 | -2.67324e-05
16 - 9 | 0.000791031
16 - 10 | 0.00038048
16 - 11 | 0.000322044
16 - 12 | 4.39984e-06
16 - 13 | 1.26406e-06
16 - 14 | 6.6241e-08
16 - 15 | 2.13853e-05
16 - 16 | 0.000639985
16 - 17 | 0.000320566
16 - 18 | 0.000391921
16 - 19 | 9.26248e-05
16 - 20 | 7.98871e-05
16 - 21 | 2.56434e-07
16 - 22 | 8.5311e-05
16 - 23 | 0.000348443
16 - 24 | 0.000327242
16 - 25 | 0.000492138
16 - 26 | 0.00016405
16 - 27 | 0.000134068
16 - 28 | 5.17378e-05
16 - 29 | 9.19083e-07
16 - 30 | 3.58034e-05
16 - 31 | 0.000398415
16 - 32 | 7.56752e-05
16 - 33 | 0.000359917
16 - 34 | 9.76618e-05
16 - 35 | 5.04809e-05
16 - 36 | 6.22074e-05
16 - 37 | 3.06606e-05
16 - 38 | 3.12038e-07
16 - 39 | 4.69016e-05
16 - 40 | 0.00057849
16 - 41 | 0.000123788
16 - 42 | 0.000143366
16 - 43 | 0.000195439
16 - 44 | 0.000114172
16 - 45 | 3.50549e-05
16 - 46 | 1.54601e-06
16 - 47 | 7.1016e-05
16 - 48 | 0.000295301
16 - 49 | 0.000134355
16 - 50 | 7.07936e-05
16 - 51 | 6.92514e-05
16 - 52 | 6.09568e-06
16 - 53 | 3.28831e-05
16 - 54 | 0.000102663
16 - 55 | 8.15925e-05
16 - 56 | 4.5962e-05
16 - 57 | 2.05894e-06
16 - 58 | 9.35139e-05
16 - 59 | 0.000134066
16 - 60 | 9.43315e-05
16 - 61 | 8.76037e-05
16 - 62 | 1.87407e-05
16 - 63 | 6.37968e-05
16 - 64 | 6.77744e-05
16 - 65 | 0.000134218
16 - 66 | 4.72148e-06
17 - 0 | 0.000748062
17 - 1 | -0.000295796
17 - 2 | -2.68061e-07
17 - 3 | -0.000175382
17 - 4 | 0.00309191
17 - 5 | 0.00141849
17 - 6 | -1.72497e-05
17 - 7 | 2.37456e-07
17 - 8 | 0.000157095
17 - 9 | 0.000750494
17 - 10 | 0.00208709
17 - 11 | 0.000744168
17 - 12 | 0.000809102
17 - 13 | 6.98624e-05
17 - 14 | 1.04867e-06
17 - 15 | 0.000305138
17 - 16 | 0.000320566
17 - 17 | 0.00207888
17 - 18 | 0.000641238
17 - 19 | 0.000921496
17 - 20 | 0.000156697
17 - 21 | 4.51164e-06
17 - 22 | 0.000310504
17 - 23 | 0.000280161
17 - 24 | 0.00148785
17 - 25 | 0.000830292
17 - 26 | 0.000524574
17 - 27 | 0.000552251
17 - 28 | 0.000314558
17 - 29 | 3.59231e-06
17 - 30 | 0.000168925
17 - 31 | 0.000109619
17 - 32 | 0.000921423
17 - 33 | 0.00043003
17 - 34 | 0.000419792
17 - 35 | 0.000196946
17 - 36 | 0.000252766
17 - 37 | 6.8548e-05
17 - 38 | 1.32797e-06
17 - 39 | 0.000131299
17 - 40 | 0.000125738
17 - 41 | 0.00144976
17 - 42 | 3.84928e-05
17 - 43 | 0.000607746
17 - 44 | 0.000153543
17 - 45 | 0.000143465
17 - 46 | 2.17083e-06
17 - 47 | 0.000113376
17 - 48 | 0.000282389
17 - 49 | 0.000513736
17 - 50 | -9.40245e-05
17 - 51 | -1.68167e-05
17 - 52 | -0.000172148
17 - 53 | 1.23298e-05
17 - 54 | 0.000118275
17 - 55 | 0.000307343
17 - 56 | 5.99687e-05
17 - 57 | 7.71724e-06
17 - 58 | 0.000275985
17 - 59 | 0.000255894
17 - 60 | -6.43323e-05
17 - 61 | 2.85701e-05
17 - 62 | -1.46978e-05
17 - 63 | -4.97567e-05
17 - 64 | 0.000212477
17 - 65 | 0.000107878
17 - 66 | 2.06427e-05
18 - 0 | 0.00121246
18 - 1 | 0.000305449
18 - 2 | 1.79071e-07
18 - 3 | 0.000155459
18 - 4 | 0.00300638
18 - 5 | 0.00167526
18 - 6 | 0.000674978
18 - 7 | 4.96483e-07
18 - 8 | 0.000568503
18 - 9 | 0.000661971
18 - 10 | 0.00141359
18 - 11 | 0.00235585
18 - 12 | 0.00104254
18 - 13 | 0.00012454
18 - 14 | 8.76549e-07
18 - 15 | 0.000310778
18 - 16 | 0.000391921
18 - 17 | 0.000641238
18 - 18 | 0.0020158
18 - 19 | 0.000838257
18 - 20 | 0.000534914
18 - 21 | 2.07525e-06
18 - 22 | 0.000390509
18 - 23 | 0.000256763
18 - 24 | 0.000424025
18 - 25 | 0.00115146
18 - 26 | 0.000855037
18 - 27 | 0.000637344
18 - 28 | 0.000379581
18 - 29 | 2.28593e-06
18 - 30 | 0.000202395
18 - 31 | 0.000444323
18 - 32 | -0.000585192
18 - 33 | 0.00140743
18 - 34 | 0.000519705
18 - 35 | 0.000308589
18 - 36 | 0.000322401
18 - 37 | 0.00022685
18 - 38 | 9.34388e-08
18 - 39 | -0.000151601
18 - 40 | 0.000862463
18 - 41 | -0.000365535
18 - 42 | 0.000545885
18 - 43 | 0.000262596
18 - 44 | 0.000372368
18 - 45 | 0.000109183
18 - 46 | 8.48258e-07
18 - 47 | 0.000105614
18 - 48 | 0.000290398
18 - 49 | -0.000351698
18 - 50 | -3.18784e-05
18 - 51 | -0.00010981
18 - 52 | 1.13893e-05
18 - 53 | -9.13771e-05
18 - 54 | 0.000266237
18 - 55 | 7.39125e-06
18 - 56 | 9.38114e-05
18 - 57 | 5.30462e-06
18 - 58 | 0.000193855
18 - 59 | 2.83122e-05
18 - 60 | -2.54742e-05
18 - 61 | -2.74796e-05
18 - 62 | -2.28763e-05
18 - 63 | 1.96176e-05
18 - 64 | 0.000195645
18 - 65 | 7.03173e-05
18 - 66 | 1.13718e-05
19 - 0 | 0.0011791
19 - 1 | 0.000658025
19 - 2 | 8.79276e-07
19 - 3 | 0.000276688
19 - 4 | 0.0019812
19 - 5 | 0.0018045
19 - 6 | 0.00058034
19 - 7 | 9.13223e-07
19 - 8 | 0.000430261
19 - 9 | 0.000359289
19 - 10 | 0.00135624
19 - 11 | 0.00154072
19 - 12 | 0.00117489
19 - 13 | 0.000165375
19 - 14 | 1.00906e-06
19 - 15 | 0.000241219
19 - 16 | 9.26248e-05
19 - 17 | 0.000921496
19 - 18 | 0.000838257
19 - 19 | 0.00129177
19 - 20 | 0.000273489
19 - 21 | 4.33303e-06
19 - 22 | 0.000329759
19 - 23 | 9.19717e-05
19 - 24 | 0.000611754
19 - 25 | 0.000772856
19 - 26 | 0.000555116
19 - 27 | 0.000701298
19 - 28 | 0.000354914
19 - 29 | 2.55071e-06
19 - 30 | 0.000103757
19 - 31 | -9.79566e-05
19 - 32 | 0.000377098
19 - 33 | 0.000477914
19 - 34 | 0.000511132
19 - 35 | 0.000241698
19 - 36 | 0.000309637
19 - 37 | 0.00015919
19 - 38 | 7.94637e-07
19 - 39 | 0.000127554
19 - 40 | -0.000202775
19 - 41 | 0.000596798
19 - 42 | 0.000153866
19 - 43 | 0.000419336
19 - 44 | 0.000203647
19 - 45 | 0.000101858
19 - 46 | 2.01453e-06
19 - 47 | 0.000112605
19 - 48 | -7.1833e-05
19 - 49 | 0.000153156
19 - 50 | -5.31354e-05
19 - 51 | -2.59404e-05
19 - 52 | -6.1215e-05
19 - 53 | 5.28648e-05
19 - 54 | 0.000113547
19 - 55 | 0.000119074
19 - 56 | 5.22764e-05
19 - 57 | 4.69713e-06
19 - 58 | 0.000170047
19 - 59 | 2.04668e-05
19 - 60 | -2.56748e-05
19 - 61 | 6.44711e-05
19 - 62 | -2.82306e-05
19 - 63 | -9.40519e-07
19 - 64 | 8.5951e-05
19 - 65 | 7.36276e-05
19 - 66 | 6.67222e-06
20 - 0 | 0.000413555
20 - 1 | 0.000270196
20 - 2 | 3.99166e-07
20 - 3 | 0.000150094
20 - 4 | 0.000770185
20 - 5 | 0.000588143
20 - 6 | 0.00027552
20 - 7 | 3.03805e-07
20 - 8 | 0.0002337
20 - 9 | 0.000105269
20 - 10 | 0.000392438
20 - 11 | 0.000683833
20 - 12 | 0.00044891
20 - 13 | 4.64975e-05
20 - 14 | 4.25198e-07
20 - 15 | 0.000121144
20 - 16 | 7.98871e-05
20 - 17 | 0.000156697
20 - 18 | 0.000534914
20 - 19 | 0.000273489
20 - 20 | 0.000233192
20 - 21 | 8.855e-07
20 - 22 | 0.000141173
20 - 23 | 6.23009e-05
20 - 24 | 0.000103307
20 - 25 | 0.000289211
20 - 26 | 0.00029015
20 - 27 | 0.000135985
20 - 28 | 0.000160486
20 - 29 | 7.89795e-07
20 - 30 | 6.56764e-05
20 - 31 | 6.97952e-05
20 - 32 | -0.000145672
20 - 33 | 0.000353612
20 - 34 | 0.000128165
20 - 35 | 0.000128102
20 - 36 | 0.00011088
20 - 37 | 7.74698e-05
20 - 38 | 8.5355e-08
20 - 39 | 1.68218e-07
20 - 40 | 0.000160415
20 - 41 | -5.63646e-05
20 - 42 | 0.000137971
20 - 43 | 9.82101e-05
20 - 44 | 0.000103924
20 - 45 | 3.80746e-05
20 - 46 | 4.94397e-07
20 - 47 | 5.15153e-05
20 - 48 | 6.34177e-05
20 - 49 | -6.79172e-05
20 - 50 | -1.88875e-05
20 - 51 | 9.92515e-06
20 - 52 | 9.63775e-06
20 - 53 | 2.1554e-05
20 - 54 | 4.95687e-05
20 - 55 | 4.05457e-05
20 - 56 | 3.05144e-05
20 - 57 | 1.76474e-06
20 - 58 | 7.86175e-05
20 - 59 | 1.28803e-05
20 - 60 | 2.18671e-05
20 - 61 | 2.71392e-06
20 - 62 | -4.26797e-06
20 - 63 | 5.00842e-06
20 - 64 | 6.08585e-05
20 - 65 | 2.42275e-05
20 - 66 | 4.01337e-06
21 - 0 | 4.05142e-06
21 - 1 | 3.08442e-06
21 - 2 | 4.62887e-09
21 - 3 | 1.2345e-06
21 - 4 | 7.49034e-06
21 - 5 | 7.19457e-06
21 - 6 | 2.02149e-06
21 - 7 | 4.59069e-09
21 - 8 | 1.8755e-06
21 - 9 | 9.84147e-07
21 - 10 | 5.88025e-06
21 - 11 | 4.39154e-06
21 - 12 | 4.57326e-06
21 - 13 | 6.43831e-07
21 - 14 | 5.78705e-09
21 - 15 | 1.38491e-06
21 - 16 | 2.56434e-07
21 - 17 | 4.51164e-06
21 - 18 | 2.07525e-06
21 - 19 | 4.33303e-06
21 - 20 | 8.855e-07
21 - 21 | 2.67815e-08
21 - 22 | 1.52246e-06
21 - 23 | 1.6316e-07
21 - 24 | 3.22146e-06
21 - 25 | 2.67344e-06
21 - 26 | 1.35037e-06
21 - 27 | 3.00355e-06
21 - 28 | 1.16878e-06
21 - 29 | 1.56974e-08
21 - 30 | 4.97311e-07
21 - 31 | -2.17427e-07
21 - 32 | 2.32952e-06
21 - 33 | 4.52324e-07
21 - 34 | 1.96136e-06
21 - 35 | 1.03169e-06
21 - 36 | 1.10992e-06
21 - 37 | 4.16749e-07
21 - 38 | 6.78349e-09
21 - 39 | 9.83049e-07
21 - 40 | -8.60212e-07
21 - 41 | 4.54799e-06
21 - 42 | -2.085e-07
21 - 43 | 2.17359e-06
21 - 44 | 5.74112e-07
21 - 45 | 5.22374e-07
21 - 46 | 1.34963e-08
21 - 47 | 5.05912e-07
21 - 48 | 1.10282e-07
21 - 49 | 1.58184e-06
21 - 50 | -1.90367e-07
21 - 51 | 1.15629e-07
21 - 52 | -4.46639e-07
21 - 53 | 1.61442e-07
21 - 54 | 3.81868e-07
21 - 55 | 1.25229e-06
21 - 56 | 1.97526e-07
21 - 57 | 2.48269e-08
21 - 58 | 8.80989e-07
21 - 59 | 6.97234e-07
21 - 60 | -4.21152e-07
21 - 61 | 5.62179e-07
21 - 62 | -1.39581e-07
21 - 63 | 8.19503e-08
21 - 64 | 4.81346e-07
21 - 65 | 4.08905e-07
21 - 66 | 4.59603e-08
22 - 0 | 0.000205289
22 - 1 | 0.000337588
22 - 2 | 7.84901e-07
22 - 3 | 0.000418792
22 - 4 | 0.00106418
22 - 5 | 0.00071255
22 - 6 | 0.000261099
22 - 7 | 4.93345e-07
22 - 8 | 0.000562422
22 - 9 | -5.18294e-05
22 - 10 | 0.000548404
22 - 11 | 0.000503237
22 - 12 | 0.000413069
22 - 13 | 6.02856e-05
22 - 14 | 5.43496e-07
22 - 15 | 0.000336072
22 - 16 | 8.5311e-05
22 - 17 | 0.000310504
22 - 18 | 0.000390509
22 - 19 | 0.000329759
22 - 20 | 0.000141173
22 - 21 | 1.52246e-06
22 - 22 | 0.000423056
22 - 23 | 1.39811e-05
22 - 24 | 0.000301177
22 - 25 | 0.000266996
22 - 26 | 0.000213368
22 - 27 | 0.000245824
22 - 28 | 0.000131428
22 - 29 | 1.02711e-06
22 - 30 | 0.00020721
22 - 31 | 0.000166003
22 - 32 | -0.00013938
22 - 33 | 0.000345552
22 - 34 | 0.000299297
22 - 35 | 8.90028e-05
22 - 36 | 0.000157892
22 - 37 | 6.55183e-05
22 - 38 | 5.44256e-07
22 - 39 | 1.0695e-05
22 - 40 | 0.000434552
22 - 41 | 8.59295e-05
22 - 42 | 0.000123489
22 - 43 | 0.0001944
22 - 44 | 9.00401e-05
22 - 45 | 5.9028e-05
22 - 46 | 1.03882e-06
22 - 47 | 0.000107695
22 - 48 | 0.000279038
22 - 49 | 9.72753e-05
22 - 50 | 0.00014171
22 - 51 | 0.000142828
22 - 52 | 9.42217e-05
22 - 53 | 4.49306e-05
22 - 54 | 0.000104871
22 - 55 | 9.59556e-05
22 - 56 | 5.72784e-05
22 - 57 | 4.2324e-06
22 - 58 | 0.000175648
22 - 59 | 0.000145057
22 - 60 | 7.2361e-05
22 - 61 | 9.14218e-05
22 - 62 | 1.39985e-05
22 - 63 | 1.80939e-05
22 - 64 | 8.43006e-05
22 - 65 | 8.46449e-05
22 - 66 | 1.00074e-05
23 - 0 | 0.000190211
23 - 1 | -0.000285369
23 - 2 | -1.18513e-07
23 - 3 | 8.21093e-05
23 - 4 | 0.000486147
23 - 5 | -0.000197009
23 - 6 | -7.96366e-05
23 - 7 | -1.83218e-07
23 - 8 | -5.66716e-05
23 - 9 | 0.000659015
23 - 10 | 0.00027025
23 - 11 | 0.000189008
23 - 12 | -8.61555e-05
23 - 13 | 1.52796e-05
23 - 14 | 1.5944e-07
23 - 15 | 0.000119473
23 - 16 | 0.000348443
23 - 17 | 0.000280161
23 - 18 | 0.000256763
23 - 19 | 9.19717e-05
23 - 20 | 6.23009e-05
23 - 21 | 1.6316e-07
23 - 22 | 1.39811e-05
23 - 23 | 0.000964276
23 - 24 | 0.000102655
23 - 25 | 0.000274091
23 - 26 | 0.000188362
23 - 27 | 4.26241e-05
23 - 28 | 8.96353e-05
23 - 29 | 1.33351e-06
23 - 30 | 8.35216e-05
23 - 31 | 0.000149879
23 - 32 | 0.000168184
23 - 33 | 0.000242473
23 - 34 | 0.000218677
23 - 35 | 5.22228e-05
23 - 36 | 4.25301e-05
23 - 37 | 1.40275e-05
23 - 38 | 3.50194e-07
23 - 39 | 0.000174171
23 - 40 | 0.000395719
23 - 41 | 0.000179299
23 - 42 | 3.44331e-05
23 - 43 | 0.000130893
23 - 44 | 9.65877e-05
23 - 45 | 3.09365e-05
23 - 46 | 1.10439e-06
23 - 47 | 0.000156132
23 - 48 | 0.000225344
23 - 49 | 0.000214778
23 - 50 | 0.00019415
23 - 51 | 9.86719e-05
23 - 52 | 5.92429e-05
23 - 53 | 4.96712e-05
23 - 54 | 7.95779e-05
23 - 55 | 8.54902e-05
23 - 56 | 6.40895e-05
23 - 57 | 2.09667e-06
23 - 58 | 0.000175462
23 - 59 | 0.000129228
23 - 60 | 0.000162949
23 - 61 | 5.459e-05
23 - 62 | 5.19683e-05
23 - 63 | 2.61906e-07
23 - 64 | 0.000129497
23 - 65 | 6.50315e-05
23 - 66 | 4.24108e-06
24 - 0 | 0.000374761
24 - 1 | -0.00027922
24 - 2 | -1.5318e-07
24 - 3 | -0.000107316
24 - 4 | 0.00234668
24 - 5 | 0.000957121
24 - 6 | -7.06271e-05
24 - 7 | 1.48874e-07
24 - 8 | 0.000197216
24 - 9 | 0.000681845
24 - 10 | 0.00156905
24 - 11 | 0.000335097
24 - 12 | 0.000577451
24 - 13 | 3.61677e-05
24 - 14 | 7.70367e-07
24 - 15 | 0.000266814
24 - 16 | 0.000327242
24 - 17 | 0.00148785
24 - 18 | 0.000424025
24 - 19 | 0.000611754
24 - 20 | 0.000103307
24 - 21 | 3.22146e-06
24 - 22 | 0.000301177
24 - 23 | 0.000102655
24 - 24 | 0.00153927
24 - 25 | 0.000473151
24 - 26 | 0.000428942
24 - 27 | 0.000403823
24 - 28 | 0.000199831
24 - 29 | 2.89991e-06
24 - 30 | 0.000168534
24 - 31 | 0.000164075
24 - 32 | 0.000711087
24 - 33 | 0.000441211
24 - 34 | 0.000373044
24 - 35 | 0.000218361
24 - 36 | 0.000171896
24 - 37 | 3.33188e-05
24 - 38 | 1.11482e-06
24 - 39 | 0.000130657
24 - 40 | 0.000349722
24 - 41 | 0.00117851
24 - 42 | 0.000110852
24 - 43 | 0.000533015
24 - 44 | 0.000148986
24 - 45 | 0.00011374
24 - 46 | 2.1508e-06
24 - 47 | 0.00011206
24 - 48 | 0.00033297
24 - 49 | 0.000556687
24 - 50 | 0.000127506
24 - 51 | 0.000142049
24 - 52 | -2.68394e-05
24 - 53 | 7.28251e-05
24 - 54 | 0.000131961
24 - 55 | 0.000275284
24 - 56 | 5.57739e-05
24 - 57 | 6.65363e-06
24 - 58 | 0.000250208
24 - 59 | 0.000264986
24 - 60 | 6.84653e-05
24 - 61 | 0.000135684
24 - 62 | 7.03659e-06
24 - 63 | 4.10462e-06
24 - 64 | 0.000182024
24 - 65 | 0.000108559
24 - 66 | 1.95276e-05
25 - 0 | 0.000804654
25 - 1 | 6.56276e-05
25 - 2 | -2.75466e-07
25 - 3 | -6.4745e-05
25 - 4 | 0.00226811
25 - 5 | 0.0010845
25 - 6 | 0.000343079
25 - 7 | 2.87213e-07
25 - 8 | 0.000231907
25 - 9 | 0.000782244
25 - 10 | 0.00117438
25 - 11 | 0.00154421
25 - 12 | 0.000660115
25 - 13 | 0.000101508
25 - 14 | 6.91396e-07
25 - 15 | 0.000166208
25 - 16 | 0.000492138
25 - 17 | 0.000830292
25 - 18 | 0.00115146
25 - 19 | 0.000772856
25 - 20 | 0.000289211
25 - 21 | 2.67344e-06
25 - 22 | 0.000266996
25 - 23 | 0.000274091
25 - 24 | 0.000473151
25 - 25 | 0.00132543
25 - 26 | 0.000368452
25 - 27 | 0.000578765
25 - 28 | 0.000266028
25 - 29 | 2.46955e-06
25 - 30 | 0.000103879
25 - 31 | 0.000370047
25 - 32 | -2.49401e-06
25 - 33 | 0.000823965
25 - 34 | 0.000464969
25 - 35 | 0.000201127
25 - 36 | 0.000271855
25 - 37 | 0.00012867
25 - 38 | 6.25252e-07
25 - 39 | -1.6438e-06
25 - 40 | 0.000516946
25 - 41 | 0.000286238
25 - 42 | 0.000324025
25 - 43 | 0.000380135
25 - 44 | 0.000279519
25 - 45 | 0.000101287
25 - 46 | 1.93998e-06
25 - 47 | 8.95677e-05
25 - 48 | 0.000246868
25 - 49 | 9.11972e-05
25 - 50 | 3.77608e-05
25 - 51 | 3.80557e-05
25 - 52 | -1.59176e-05
25 - 53 | -1.48468e-05
25 - 54 | 0.000171421
25 - 55 | 0.000100627
25 - 56 | 6.20462e-05
25 - 57 | 5.42874e-06
25 - 58 | 0.000161155
25 - 59 | 0.00012444
25 - 60 | 1.97693e-05
25 - 61 | 8.37974e-05
25 - 62 | -9.27801e-06
25 - 63 | 4.24787e-05
25 - 64 | 0.000133696
25 - 65 | 0.000124517
25 - 66 | 9.9177e-06
26 - 0 | 0.000680305
26 - 1 | 0.000123773
26 - 2 | 2.49793e-07
26 - 3 | 0.000142173
26 - 4 | 0.00155331
26 - 5 | 0.000970866
26 - 6 | 0.000297832
26 - 7 | 3.04994e-07
26 - 8 | 0.000310454
26 - 9 | 0.000392521
26 - 10 | 0.000832788
26 - 11 | 0.00107575
26 - 12 | 0.000697744
26 - 13 | 6.50351e-05
26 - 14 | 5.25548e-07
26 - 15 | 0.000188503
26 - 16 | 0.00016405
26 - 17 | 0.000524574
26 - 18 | 0.000855037
26 - 19 | 0.000555116
26 - 20 | 0.00029015
26 - 21 | 1.35037e-06
26 - 22 | 0.000213368
26 - 23 | 0.000188362
26 - 24 | 0.000428942
26 - 25 | 0.000368452
26 - 26 | 0.000684039
26 - 27 | 0.000232744
26 - 28 | 0.000280311
26 - 29 | 1.01291e-06
26 - 30 | 0.00011097
26 - 31 | 7.4146e-05
26 - 32 | 1.66153e-05
26 - 33 | 0.000618115
26 - 34 | 0.000135631
26 - 35 | 0.000220631
26 - 36 | 0.000180809
26 - 37 | 0.000130651
26 - 38 | 1.03826e-07
26 - 39 | 3.02353e-05
26 - 40 | 0.00020391
26 - 41 | 0.000121633
26 - 42 | 0.000211882
26 - 43 | 0.000236515
26 - 44 | 0.000172619
26 - 45 | 6.15294e-05
26 - 46 | 4.59279e-07
26 - 47 | 9.26462e-05
26 - 48 | 0.000120562
26 - 49 | -8.41237e-05
26 - 50 | -4.36523e-05
26 - 51 | -3.56421e-05
26 - 52 | -4.01738e-05
26 - 53 | 3.45355e-05
26 - 54 | 0.000101391
26 - 55 | 5.63431e-05
26 - 56 | 5.39997e-05
26 - 57 | 2.43431e-06
26 - 58 | 0.000146529
26 - 59 | 2.31215e-05
26 - 60 | 3.72596e-05
26 - 61 | -2.87494e-05
26 - 62 | -3.17954e-06
26 - 63 | -5.21991e-06
26 - 64 | 0.000113021
26 - 65 | 2.86125e-05
26 - 66 | 7.20091e-06
27 - 0 | 0.000591857
27 - 1 | 0.000284731
27 - 2 | 3.49713e-07
27 - 3 | 8.01755e-05
27 - 4 | 0.00142844
27 - 5 | 0.0010004
27 - 6 | 0.000318268
27 - 7 | 4.92573e-07
27 - 8 | 0.000239942
27 - 9 | 0.000344198
27 - 10 | 0.000868002
27 - 11 | 0.0009727
27 - 12 | 0.000654528
27 - 13 | 0.000100013
27 - 14 | 6.28662e-07
27 - 15 | 0.000174735
27 - 16 | 0.000134068
27 - 17 | 0.000552251
27 - 18 | 0.000637344
27 - 19 | 0.000701298
27 - 20 | 0.000135985
27 - 21 | 3.00355e-06
27 - 22 | 0.000245824
27 - 23 | 4.26241e-05
27 - 24 | 0.000403823
27 - 25 | 0.000578765
27 - 26 | 0.000232744
27 - 27 | 0.000841548
27 - 28 | 9.93187e-05
27 - 29 | 2.35286e-06
27 - 30 | 9.11333e-05
27 - 31 | 0.000164383
27 - 32 | 9.67356e-05
27 - 33 | 0.000459308
27 - 34 | 0.000362059
27 - 35 | 0.000119999
27 - 36 | 0.000233981
27 - 37 | 8.77073e-05
27 - 38 | 9.41486e-07
27 - 39 | -1.225e-05
27 - 40 | 0.000134778
27 - 41 | 0.000298323
27 - 42 | 0.000172026
27 - 43 | 0.000336511
27 - 44 | 0.000174149
27 - 45 | 8.64611e-05
27 - 46 | 1.32885e-06
27 - 47 | 6.43254e-05
27 - 48 | 9.0404e-05
27 - 49 | 5.79401e-05
27 - 50 | 3.72003e-05
27 - 51 | -4.94294e-05
27 - 52 | -1.03691e-05
27 - 53 | -2.6541e-05
27 - 54 | 0.000189549
27 - 55 | 6.11393e-05
27 - 56 | 5.13361e-05
27 - 57 | 4.73912e-06
27 - 58 | 0.000122542
27 - 59 | 8.49225e-05
27 - 60 | -7.97772e-06
27 - 61 | 9.65596e-05
27 - 62 | -1.63593e-05
27 - 63 | 4.57389e-05
27 - 64 | 9.73961e-05
27 - 65 | 9.99939e-05
27 - 66 | 7.36586e-06
28 - 0 | 0.000396532
28 - 1 | 0.000122756
28 - 2 | 1.90828e-07
28 - 3 | 0.000115538
28 - 4 | 0.000735737
28 - 5 | 0.000552505
28 - 6 | 0.000164395
28 - 7 | 2.45701e-07
28 - 8 | 0.0001742
28 - 9 | 0.000137112
28 - 10 | 0.000468669
28 - 11 | 0.000549796
28 - 12 | 0.000413118
28 - 13 | 5.3021e-05
28 - 14 | 3.59231e-07
28 - 15 | 0.000105031
28 - 16 | 5.17378e-05
28 - 17 | 0.000314558
28 - 18 | 0.000379581
28 - 19 | 0.000354914
28 - 20 | 0.000160486
28 - 21 | 1.16878e-06
28 - 22 | 0.000131428
28 - 23 | 8.96353e-05
28 - 24 | 0.000199831
28 - 25 | 0.000266028
28 - 26 | 0.000280311
28 - 27 | 9.93187e-05
28 - 28 | 0.000240288
28 - 29 | 2.18989e-07
28 - 30 | 5.48168e-05
28 - 31 | -2.32215e-06
28 - 32 | 7.50919e-05
28 - 33 | 0.000240702
28 - 34 | 6.52088e-05
28 - 35 | 0.000119165
28 - 36 | 8.86088e-05
28 - 37 | 7.9616e-05
28 - 38 | 7.87988e-08
28 - 39 | 4.0747e-05
28 - 40 | 1.27706e-05
28 - 41 | 0.000135688
28 - 42 | 7.23027e-05
28 - 43 | 0.000121051
28 - 44 | 8.20946e-05
28 - 45 | 3.26908e-05
28 - 46 | 6.1567e-07
28 - 47 | 4.69424e-05
28 - 48 | 5.73313e-06
28 - 49 | -7.19855e-06
28 - 50 | -7.2703e-05
28 - 51 | 3.80479e-06
28 - 52 | -5.88632e-05
28 - 53 | 2.6669e-05
28 - 54 | 9.28323e-06
28 - 55 | 4.62644e-05
28 - 56 | 1.92129e-05
28 - 57 | 1.15733e-06
28 - 58 | 7.04951e-05
28 - 59 | 1.2364e-05
28 - 60 | -2.34529e-06
28 - 61 | -1.90173e-05
28 - 62 | -5.88392e-06
28 - 63 | -1.18966e-05
28 - 64 | 3.06595e-05
28 - 65 | 8.9733e-06
28 - 66 | 2.8461e-06
29 - 0 | 1.88759e-06
29 - 1 | 1.58885e-06
29 - 2 | 3.38179e-09
29 - 3 | 1.00012e-06
29 - 4 | 6.10286e-06
29 - 5 | 3.4579e-06
29 - 6 | 1.23798e-06
29 - 7 | 2.52044e-09
29 - 8 | 1.01007e-06
29 - 9 | 1.34422e-06
29 - 10 | 4.41024e-06
29 - 11 | 2.689e-06
29 - 12 | 2.21486e-06
29 - 13 | 3.9927e-07
29 - 14 | 4.82897e-09
29 - 15 | 1.2099e-06
29 - 16 | 9.19083e-07
29 - 17 | 3.59231e-06
29 - 18 | 2.28593e-06
29 - 19 | 2.55071e-06
29 - 20 | 7.89795e-07
29 - 21 | 1.56974e-08
29 - 22 | 1.02711e-06
29 - 23 | 1.33351e-06
29 - 24 | 2.89991e-06
29 - 25 | 2.46955e-06
29 - 26 | 1.01291e-06
29 - 27 | 2.35286e-06
29 - 28 | 2.18989e-07
29 - 29 | 2.76271e-08
29 - 30 | 6.9654e-07
29 - 31 | 7.38431e-07
29 - 32 | 5.31017e-07
29 - 33 | 1.3986e-06
29 - 34 | 2.56876e-06
29 - 35 | 5.63221e-07
29 - 36 | 1.05982e-06
29 - 37 | 7.14699e-08
29 - 38 | 6.83937e-09
29 - 39 | 7.39866e-07
29 - 40 | 1.54506e-06
29 - 41 | 2.62446e-06
29 - 42 | 2.80936e-07
29 - 43 | 1.87206e-06
29 - 44 | 7.96386e-07
29 - 45 | 5.50481e-07
29 - 46 | 1.36621e-08
29 - 47 | 7.30842e-07
29 - 48 | 1.18838e-06
29 - 49 | 1.40989e-06
29 - 50 | 9.32448e-07
29 - 51 | 4.6197e-07
29 - 52 | 5.23309e-07
29 - 53 | 1.90003e-07
29 - 54 | 1.00291e-06
29 - 55 | 1.21835e-06
29 - 56 | 4.25504e-07
29 - 57 | 3.9073e-08
29 - 58 | 1.26992e-06
29 - 59 | 1.01888e-06
29 - 60 | 3.94245e-07
29 - 61 | 6.68356e-07
29 - 62 | 4.60291e-08
29 - 63 | 1.79808e-07
29 - 64 | 1.02177e-06
29 - 65 | 6.04221e-07
29 - 66 | 8.47563e-08
30 - 0 | 3.69115e-05
30 - 1 | 6.52869e-05
30 - 2 | 3.93781e-07
30 - 3 | 0.000260148
30 - 4 | 0.000571822
30 - 5 | 0.000284904
30 - 6 | 8.29296e-05
30 - 7 | 1.95862e-07
30 - 8 | 0.0003267
30 - 9 | -3.69371e-05
30 - 10 | 0.000291541
30 - 11 | 0.000181941
30 - 12 | 0.000100587
30 - 13 | 2.92253e-05
30 - 14 | 2.2351e-07
30 - 15 | 0.000228865
30 - 16 | 3.58034e-05
30 - 17 | 0.000168925
30 - 18 | 0.000202395
30 - 19 | 0.000103757
30 - 20 | 6.56764e-05
30 - 21 | 4.97311e-07
30 - 22 | 0.00020721
30 - 23 | 8.35216e-05
30 - 24 | 0.000168534
30 - 25 | 0.000103879
30 - 26 | 0.00011097
30 - 27 | 9.11333e-05
30 - 28 | 5.48168e-05
30 - 29 | 6.9654e-07
30 - 30 | 0.000159102
30 - 31 | 9.18153e-05
30 - 32 | -0.00013481
30 - 33 | 0.000196519
30 - 34 | 0.000162992
30 - 35 | 3.57377e-05
30 - 36 | 7.82583e-05
30 - 37 | 1.92459e-05
30 - 38 | 2.56709e-07
30 - 39 | -2.19044e-07
30 - 40 | 0.000352492
30 - 41 | 1.92753e-05
30 - 42 | 6.18123e-05
30 - 43 | 9.21374e-05
30 - 44 | 4.42387e-05
30 - 45 | 3.12854e-05
30 - 46 | 3.53934e-07
30 - 47 | 7.80266e-05
30 - 48 | 0.000205095
30 - 49 | 3.99412e-05
30 - 50 | 7.38517e-05
30 - 51 | 8.73076e-05
30 - 52 | 6.78799e-05
30 - 53 | 1.96467e-05
30 - 54 | 5.4952e-05
30 - 55 | 4.70201e-05
30 - 56 | 3.86726e-05
30 - 57 | 2.48087e-06
30 - 58 | 0.000120959
30 - 59 | 9.12536e-05
30 - 60 | 6.11701e-05
30 - 61 | 4.56935e-05
30 - 62 | 1.33359e-05
30 - 63 | 1.30878e-06
30 - 64 | 5.16637e-05
30 - 65 | 4.61004e-05
30 - 66 | 6.6438e-06
31 - 0 | -8.58294e-05
31 - 1 | -0.0002199
31 - 2 | -3.77705e-07
31 - 3 | -7.14733e-05
31 - 4 | 0.000848287
31 - 5 | -0.000124255
31 - 6 | -8.11786e-06
31 - 7 | -1.76597e-07
31 - 8 | 0.000134704
31 - 9 | 0.00043684
31 - 10 | 0.000113659
31 - 11 | 0.000307443
31 - 12 | -7.79957e-05
31 - 13 | -2.14542e-06
31 - 14 | 1.12107e-07
31 - 15 | 0.000104678
31 - 16 | 0.000398415
31 - 17 | 0.000109619
31 - 18 | 0.000444323
31 - 19 | -9.79566e-05
31 - 20 | 6.97952e-05
31 - 21 | -2.17427e-07
31 - 22 | 0.000166003
31 - 23 | 0.000149879
31 - 24 | 0.000164075
31 - 25 | 0.000370047
31 - 26 | 7.4146e-05
31 - 27 | 0.000164383
31 - 28 | -2.32215e-06
31 - 29 | 7.38431e-07
31 - 30 | 9.18153e-05
31 - 31 | 0.000642064
31 - 32 | -0.000358111
31 - 33 | 0.000435629
31 - 34 | 0.000125294
31 - 35 | 5.64301e-05
31 - 36 | 6.24963e-05
31 - 37 | 3.20653e-05
31 - 38 | 2.50175e-07
31 - 39 | -0.000123379
31 - 40 | 0.000766392
31 - 41 | -0.000164821
31 - 42 | 0.000194637
31 - 43 | 8.34889e-05
31 - 44 | 0.000108232
31 - 45 | 4.15656e-05
31 - 46 | 3.01116e-07
31 - 47 | 3.528e-05
31 - 48 | 0.000399168
31 - 49 | -5.23756e-05
31 - 50 | 0.000150026
31 - 51 | 0.000111455
31 - 52 | 8.12999e-05
31 - 53 | 2.29517e-07
31 - 54 | 0.000138183
31 - 55 | 6.04895e-05
31 - 56 | 3.6814e-05
31 - 57 | 3.00093e-06
31 - 58 | 6.61213e-05
31 - 59 | 0.000166298
31 - 60 | 4.66472e-05
31 - 61 | 6.22929e-05
31 - 62 | 2.23789e-05
31 - 63 | 6.33862e-05
31 - 64 | 9.27286e-05
31 - 65 | 0.000103758
31 - 66 | 7.29909e-06
32 - 0 | 0.000382052
32 - 1 | -0.00012137
32 - 2 | -2.73367e-07
32 - 3 | -0.000227714
32 - 4 | 0.00027635
32 - 5 | 0.000326171
32 - 6 | -0.00028448
32 - 7 | 5.7414e-08
32 - 8 | -0.00032026
32 - 9 | 0.0005502
32 - 10 | 0.000599384
32 - 11 | -0.000443022
32 - 12 | 0.000246628
32 - 13 | -8.40989e-06
32 - 14 | 2.60496e-07
32 - 15 | -0.000136204
32 - 16 | 7.56752e-05
32 - 17 | 0.000921423
32 - 18 | -0.000585192
32 - 19 | 0.000377098
32 - 20 | -0.000145672
32 - 21 | 2.32952e-06
32 - 22 | -0.00013938
32 - 23 | 0.000168184
32 - 24 | 0.000711087
32 - 25 | -2.49401e-06
32 - 26 | 1.66153e-05
32 - 27 | 9.67356e-05
32 - 28 | 7.50919e-05
32 - 29 | 5.31017e-07
32 - 30 | -0.00013481
32 - 31 | -0.000358111
32 - 32 | 0.00168763
32 - 33 | -0.000579123
32 - 34 | 2.68878e-05
32 - 35 | 9.69422e-05
32 - 36 | -2.09667e-05
32 - 37 | -3.50453e-05
32 - 38 | 7.22626e-07
32 - 39 | 0.000303923
32 - 40 | -0.000838866
32 - 41 | 0.00149269
32 - 42 | -0.000283049
32 - 43 | 0.00038491
32 - 44 | -0.000119326
32 - 45 | 2.30983e-05
32 - 46 | 1.42039e-06
32 - 47 | -6.16971e-06
32 - 48 | -0.000209316
32 - 49 | 0.000654044
32 - 50 | 2.51076e-06
32 - 51 | 8.67327e-05
32 - 52 | -0.000154973
32 - 53 | 0.000168634
32 - 54 | -0.000118949
32 - 55 | 0.000177935
32 - 56 | -3.14734e-05
32 - 57 | -1.61712e-06
32 - 58 | -1.84476e-05
32 - 59 | 8.1103e-05
32 - 60 | 4.57056e-06
32 - 61 | 0.000107444
32 - 62 | -1.35006e-05
32 - 63 | 3.8959e-05
32 - 64 | -1.25374e-07
32 - 65 | 7.49839e-06
32 - 66 | -4.18396e-06
33 - 0 | 0.000465763
33 - 1 | 2.03409e-05
33 - 2 | 2.27314e-08
33 - 3 | -9.84715e-07
33 - 4 | 0.00211638
33 - 5 | 0.000803596
33 - 6 | 0.000390469
33 - 7 | 1.36832e-07
33 - 8 | 0.000398379
33 - 9 | 0.000582373
33 - 10 | 0.000911312
33 - 11 | 0.00146525
33 - 12 | 0.00048193
33 - 13 | 5.71845e-05
33 - 14 | 4.69376e-07
33 - 15 | 0.000239151
33 - 16 | 0.000359917
33 - 17 | 0.00043003
33 - 18 | 0.00140743
33 - 19 | 0.000477914
33 - 20 | 0.000353612
33 - 21 | 4.52324e-07
33 - 22 | 0.000345552
33 - 23 | 0.000242473
33 - 24 | 0.000441211
33 - 25 | 0.000823965
33 - 26 | 0.000618115
33 - 27 | 0.000459308
33 - 28 | 0.000240702
33 - 29 | 1.3986e-06
33 - 30 | 0.000196519
33 - 31 | 0.000435629
33 - 32 | -0.000579123
33 - 33 | 0.00154965
33 - 34 | 0.000392919
33 - 35 | 0.000258644
33 - 36 | 0.000266132
33 - 37 | 0.000179965
33 - 38 | 1.98698e-08
33 - 39 | -0.000136014
33 - 40 | 0.000943865
33 - 41 | -0.000413859
33 - 42 | 0.000595759
33 - 43 | 0.000205611
33 - 44 | 0.000364515
33 - 45 | 9.03452e-05
33 - 46 | 8.95679e-07
33 - 47 | 0.000109821
33 - 48 | 0.000375465
33 - 49 | -0.000122408
33 - 50 | 0.000239483
33 - 51 | 0.000121605
33 - 52 | 0.000196985
33 - 53 | 1.02355e-05
33 - 54 | 0.000250024
33 - 55 | 2.09163e-06
33 - 56 | 9.93012e-05
33 - 57 | 6.30738e-06
33 - 58 | 0.000222528
33 - 59 | 8.43062e-05
33 - 60 | 0.000232301
33 - 61 | 6.64282e-05
33 - 62 | 3.2251e-05
33 - 63 | 4.0943e-05
33 - 64 | 0.00020136
33 - 65 | 8.67859e-05
33 - 66 | 1.48264e-05
34 - 0 | 0.000205388
34 - 1 | 0.000620617
34 - 2 | 1.19256e-06
34 - 3 | 0.000275633
34 - 4 | 0.000857878
34 - 5 | 0.000739501
34 - 6 | 0.000419242
34 - 7 | 6.57557e-07
34 - 8 | 0.000405142
34 - 9 | 5.69556e-05
34 - 10 | 0.000687127
34 - 11 | 0.00055518
34 - 12 | 0.000498341
34 - 13 | 7.51096e-05
34 - 14 | 6.99161e-07
34 - 15 | 0.000258117
34 - 16 | 9.76618e-05
34 - 17 | 0.000419792
34 - 18 | 0.000519705
34 - 19 | 0.000511132
34 - 20 | 0.000128165
34 - 21 | 1.96136e-06
34 - 22 | 0.000299297
34 - 23 | 0.000218677
34 - 24 | 0.000373044
34 - 25 | 0.000464969
34 - 26 | 0.000135631
34 - 27 | 0.000362059
34 - 28 | 6.52088e-05
34 - 29 | 2.56876e-06
34 - 30 | 0.000162992
34 - 31 | 0.000125294
34 - 32 | 2.68878e-05
34 - 33 | 0.000392919
34 - 34 | 0.00129115
34 - 35 | 7.77619e-05
34 - 36 | 0.00025639
34 - 37 | 5.32804e-05
34 - 38 | 7.37842e-07
34 - 39 | 6.41305e-05
34 - 40 | 0.000557033
34 - 41 | 0.000390033
34 - 42 | 0.00013039
34 - 43 | 0.000322758
34 - 44 | 0.000131475
34 - 45 | 8.55896e-05
34 - 46 | 1.88482e-06
34 - 47 | 0.000151911
34 - 48 | 0.000217718
34 - 49 | 0.000475032
34 - 50 | 0.000505582
34 - 51 | 0.000439988
34 - 52 | 0.000454028
34 - 53 | 0.000121677
34 - 54 | 0.000246292
34 - 55 | 0.000113011
34 - 56 | 7.13312e-05
34 - 57 | 6.54151e-06
34 - 58 | 0.000226045
34 - 59 | 0.000194371
34 - 60 | 0.00021926
34 - 61 | 0.00028971
34 - 62 | 3.96538e-05
34 - 63 | 9.87145e-05
34 - 64 | 0.000143916
34 - 65 | 9.62531e-05
34 - 66 | 1.33463e-05
35 - 0 | 0.000294355
35 - 1 | 0.000279991
35 - 2 | 4.09062e-07
35 - 3 | 4.46069e-05
35 - 4 | 0.000469466
35 - 5 | 0.000438818
35 - 6 | 0.000197554
35 - 7 | 2.72206e-07
35 - 8 | 0.000147483
35 - 9 | 0.00014553
35 - 10 | 0.000257377
35 - 11 | 0.000485765
35 - 12 | 0.000307882
35 - 13 | 5.24829e-05
35 - 14 | 3.36888e-07
35 - 15 | 7.32742e-05
35 - 16 | 5.04809e-05
35 - 17 | 0.000196946
35 - 18 | 0.000308589
35 - 19 | 0.000241698
35 - 20 | 0.000128102
35 - 21 | 1.03169e-06
35 - 22 | 8.90028e-05
35 - 23 | 5.22228e-05
35 - 24 | 0.000218361
35 - 25 | 0.000201127
35 - 26 | 0.000220631
35 - 27 | 0.000119999
35 - 28 | 0.000119165
35 - 29 | 5.63221e-07
35 - 30 | 3.57377e-05
35 - 31 | 5.64301e-05
35 - 32 | 9.69422e-05
35 - 33 | 0.000258644
35 - 34 | 7.77619e-05
35 - 35 | 0.000300002
35 - 36 | 3.75497e-05
35 - 37 | 7.43541e-05
35 - 38 | 1.17851e-07
35 - 39 | 4.05905e-05
35 - 40 | 2.23537e-05
35 - 41 | 0.000187464
35 - 42 | 9.57081e-05
35 - 43 | 0.000143445
35 - 44 | 6.63287e-05
35 - 45 | 2.96992e-05
35 - 46 | 3.92227e-07
35 - 47 | 5.59212e-05
35 - 48 | 2.45761e-05
35 - 49 | 0.000107921
35 - 50 | 0.000122953
35 - 51 | 0.000140668
35 - 52 | 7.26191e-05
35 - 53 | 7.45374e-05
35 - 54 | 4.31317e-05
35 - 55 | 6.81858e-05
35 - 56 | 2.09418e-05
35 - 57 | 7.12916e-07
35 - 58 | 6.00628e-05
35 - 59 | 3.27763e-05
35 - 60 | 7.41117e-05
35 - 61 | 4.91834e-05
35 - 62 | 1.14038e-05
35 - 63 | 3.61099e-05
35 - 64 | 6.81025e-05
35 - 65 | 2.22043e-05
35 - 66 | 1.86902e-06
36 - 0 | 0.000235741
36 - 1 | 0.000180228
36 - 2 | 3.75605e-07
36 - 3 | 0.000105712
36 - 4 | 0.00064459
36 - 5 | 0.000458257
36 - 6 | 0.000194417
36 - 7 | 2.75351e-07
36 - 8 | 0.000189907
36 - 9 | 8.48918e-05
36 - 10 | 0.000403192
36 - 11 | 0.000437685
36 - 12 | 0.000350099
36 - 13 | 3.78282e-05
36 - 14 | 3.8324e-07
36 - 15 | 0.000132556
36 - 16 | 6.22074e-05
36 - 17 | 0.000252766
36 - 18 | 0.000322401
36 - 19 | 0.000309637
36 - 20 | 0.00011088
36 - 21 | 1.10992e-06
36 - 22 | 0.000157892
36 - 23 | 4.25301e-05
36 - 24 | 0.000171896
36 - 25 | 0.000271855
36 - 26 | 0.000180809
36 - 27 | 0.000233981
36 - 28 | 8.86088e-05
36 - 29 | 1.05982e-06
36 - 30 | 7.82583e-05
36 - 31 | 6.24963e-05
36 - 32 | -2.09667e-05
36 - 33 | 0.000266132
36 - 34 | 0.00025639
36 - 35 | 3.75497e-05
36 - 36 | 0.000167761
36 - 37 | 4.14024e-05
36 - 38 | 3.94398e-07
36 - 39 | 3.08732e-05
36 - 40 | 0.000129813
36 - 41 | 0.000145981
36 - 42 | 9.23037e-05
36 - 43 | 0.000167902
36 - 44 | 7.57358e-05
36 - 45 | 4.54502e-05
36 - 46 | 7.69861e-07
36 - 47 | 6.27293e-05
36 - 48 | 8.61959e-05
36 - 49 | 7.05e-05
36 - 50 | 5.68623e-05
36 - 51 | 5.73069e-05
36 - 52 | 6.69749e-05
36 - 53 | 4.7839e-05
36 - 54 | 8.07189e-05
36 - 55 | 4.63125e-05
36 - 56 | 3.44558e-05
36 - 57 | 3.2139e-06
36 - 58 | 0.000113492
36 - 59 | 5.51695e-05
36 - 60 | 5.49994e-05
36 - 61 | 6.06896e-05
36 - 62 | 5.0016e-06
36 - 63 | 8.77816e-06
36 - 64 | 6.75935e-05
36 - 65 | 5.48092e-05
36 - 66 | 6.26019e-06
37 - 0 | 0.000193375
37 - 1 | 0.000130736
37 - 2 | 1.59457e-07
37 - 3 | 4.63858e-05
37 - 4 | 0.000328567
37 - 5 | 0.000275746
37 - 6 | 0.000123429
37 - 7 | 1.46512e-07
37 - 8 | 0.00010467
37 - 9 | 5.11196e-05
37 - 10 | 0.000149342
37 - 11 | 0.00033207
37 - 12 | 0.000193126
37 - 13 | 2.93536e-05
37 - 14 | 1.64319e-07
37 - 15 | 3.4496e-05
37 - 16 | 3.06606e-05
37 - 17 | 6.8548e-05
37 - 18 | 0.00022685
37 - 19 | 0.00015919
37 - 20 | 7.74698e-05
37 - 21 | 4.16749e-07
37 - 22 | 6.55183e-05
37 - 23 | 1.40275e-05
37 - 24 | 3.33188e-05
37 - 25 | 0.00012867
37 - 26 | 0.000130651
37 - 27 | 8.77073e-05
37 - 28 | 7.9616e-05
37 - 29 | 7.14699e-08
37 - 30 | 1.92459e-05
37 - 31 | 3.20653e-05
37 - 32 | -3.50453e-05
37 - 33 | 0.000179965
37 - 34 | 5.32804e-05
37 - 35 | 7.43541e-05
37 - 36 | 4.14024e-05
37 - 37 | 6.37344e-05
37 - 38 | -5.47228e-08
37 - 39 | -1.12818e-05
37 - 40 | 4.23454e-05
37 - 41 | -3.6582e-05
37 - 42 | 7.42503e-05
37 - 43 | 2.33923e-05
37 - 44 | 5.17398e-05
37 - 45 | 1.52741e-05
37 - 46 | 3.01106e-07
37 - 47 | 1.04977e-05
37 - 48 | 7.84976e-07
37 - 49 | -3.27637e-05
37 - 50 | -1.3108e-05
37 - 51 | 7.82042e-06
37 - 52 | 8.67296e-06
37 - 53 | 9.19932e-06
37 - 54 | 3.09592e-05
37 - 55 | 9.01232e-06
37 - 56 | 1.18386e-05
37 - 57 | 4.45465e-07
37 - 58 | 1.94143e-05
37 - 59 | -3.64221e-06
37 - 60 | 1.56598e-05
37 - 61 | -9.00265e-06
37 - 62 | 4.58074e-07
37 - 63 | 1.08294e-05
37 - 64 | 2.63777e-05
37 - 65 | 6.60929e-06
37 - 66 | 8.57578e-07
38 - 0 | 3.79304e-07
38 - 1 | 6.70282e-07
38 - 2 | 1.72386e-09
38 - 3 | 4.98841e-07
38 - 4 | 1.89195e-06
38 - 5 | 1.24612e-06
38 - 6 | 3.17771e-07
38 - 7 | 1.10463e-09
38 - 8 | 4.07673e-07
38 - 9 | 4.69646e-07
38 - 10 | 1.51211e-06
38 - 11 | 3.11825e-07
38 - 12 | 7.95008e-07
38 - 13 | 1.17392e-07
38 - 14 | 1.76805e-09
38 - 15 | 5.45921e-07
38 - 16 | 3.12038e-07
38 - 17 | 1.32797e-06
38 - 18 | 9.34388e-08
38 - 19 | 7.94637e-07
38 - 20 | 8.5355e-08
38 - 21 | 6.78349e-09
38 - 22 | 5.44256e-07
38 - 23 | 3.50194e-07
38 - 24 | 1.11482e-06
38 - 25 | 6.25252e-07
38 - 26 | 1.03826e-07
38 - 27 | 9.41486e-07
38 - 28 | 7.87988e-08
38 - 29 | 6.83937e-09
38 - 30 | 2.56709e-07
38 - 31 | 2.50175e-07
38 - 32 | 7.22626e-07
38 - 33 | 1.98698e-08
38 - 34 | 7.37842e-07
38 - 35 | 1.17851e-07
38 - 36 | 3.94398e-07
38 - 37 | -5.47228e-08
38 - 38 | 4.32599e-09
38 - 39 | 3.66433e-07
38 - 40 | 3.03033e-07
38 - 41 | 1.54665e-06
38 - 42 | -1.01417e-07
38 - 43 | 8.22711e-07
38 - 44 | 1.38394e-07
38 - 45 | 1.91418e-07
38 - 46 | 5.77243e-09
38 - 47 | 2.83764e-07
38 - 48 | 5.07052e-07
38 - 49 | 8.72759e-07
38 - 50 | 4.37633e-07
38 - 51 | 3.50111e-07
38 - 52 | 1.21598e-07
38 - 53 | 1.60472e-07
38 - 54 | 2.63913e-07
38 - 55 | 5.9326e-07
38 - 56 | 1.52585e-07
38 - 57 | 1.49302e-08
38 - 58 | 4.76004e-07
38 - 59 | 5.02881e-07
38 - 60 | 1.74354e-07
38 - 61 | 3.76715e-07
38 - 62 | 3.69111e-08
38 - 63 | 7.01606e-08
38 - 64 | 3.59977e-07
38 - 65 | 3.27135e-07
38 - 66 | 2.93422e-08
39 - 0 | 0.000155673
39 - 1 | 8.71723e-05
39 - 2 | 2.56174e-07
39 - 3 | 9.53533e-05
39 - 4 | -7.52481e-05
39 - 5 | 9.22361e-05
39 - 6 | 1.38352e-05
39 - 7 | 1.57043e-07
39 - 8 | 1.28853e-05
39 - 9 | 0.000111978
39 - 10 | 0.000104753
39 - 11 | -7.8809e-05
39 - 12 | 0.000130439
39 - 13 | 6.94768e-06
39 - 14 | 2.38064e-07
39 - 15 | 4.58293e-05
39 - 16 | 4.69016e-05
39 - 17 | 0.000131299
39 - 18 | -0.000151601
39 - 19 | 0.000127554
39 - 20 | 1.68218e-07
39 - 21 | 9.83049e-07
39 - 22 | 1.0695e-05
39 - 23 | 0.000174171
39 - 24 | 0.000130657
39 - 25 | -1.6438e-06
39 - 26 | 3.02353e-05
39 - 27 | -1.225e-05
39 - 28 | 4.0747e-05
39 - 29 | 7.39866e-07
39 - 30 | -2.19044e-07
39 - 31 | -0.000123379
39 - 32 | 0.000303923
39 - 33 | -0.000136014
39 - 34 | 6.41305e-05
39 - 35 | 4.05905e-05
39 - 36 | 3.08732e-05
39 - 37 | -1.12818e-05
39 - 38 | 3.66433e-07
39 - 39 | 0.000235402
39 - 40 | -0.000182186
39 - 41 | 0.000384876
39 - 42 | -8.67356e-05
39 - 43 | 0.000131349
39 - 44 | -1.1093e-05
39 - 45 | 1.5122e-05
39 - 46 | 1.13996e-06
39 - 47 | 7.51433e-05
39 - 48 | -3.98711e-05
39 - 49 | 0.000244755
39 - 50 | 3.75048e-05
39 - 51 | 7.86346e-05
39 - 52 | 7.25708e-06
39 - 53 | 8.31046e-05
39 - 54 | -2.58106e-05
39 - 55 | 9.64506e-05
39 - 56 | 1.17311e-05
39 - 57 | 1.12443e-06
39 - 58 | 8.23521e-05
39 - 59 | 4.09385e-05
39 - 60 | 6.16271e-05
39 - 61 | 5.97716e-05
39 - 62 | 9.29731e-06
39 - 63 | 8.73314e-06
39 - 64 | 3.00849e-05
39 - 65 | 4.04182e-05
39 - 66 | 9.1104e-07
40 - 0 | -0.000316552
40 - 1 | -0.000382694
40 - 2 | -2.24576e-07
40 - 3 | 0.000327045
40 - 4 | 0.001745
40 - 5 | 7.05935e-06
40 - 6 | 1.23021e-06
40 - 7 | -8.91044e-08
40 - 8 | 0.000662918
40 - 9 | 0.00049377
40 - 10 | 0.000528939
40 - 11 | 0.000357746
40 - 12 | -0.000241587
40 - 13 | -4.81656e-06
40 - 14 | 1.81034e-07
40 - 15 | 0.000427714
40 - 16 | 0.00057849
40 - 17 | 0.000125738
40 - 18 | 0.000862463
40 - 19 | -0.000202775
40 - 20 | 0.000160415
40 - 21 | -8.60212e-07
40 - 22 | 0.000434552
40 - 23 | 0.000395719
40 - 24 | 0.000349722
40 - 25 | 0.000516946
40 - 26 | 0.00020391
40 - 27 | 0.000134778
40 - 28 | 1.27706e-05
40 - 29 | 1.54506e-06
40 - 30 | 0.000352492
40 - 31 | 0.000766392
40 - 32 | -0.000838866
40 - 33 | 0.000943865
40 - 34 | 0.000557033
40 - 35 | 2.23537e-05
40 - 36 | 0.000129813
40 - 37 | 4.23454e-05
40 - 38 | 3.03033e-07
40 - 39 | -0.000182186
40 - 40 | 0.00210253
40 - 41 | -0.000526655
40 - 42 | 0.000416559
40 - 43 | 6.92427e-05
40 - 44 | 0.000270831
40 - 45 | 6.28741e-05
40 - 46 | 1.02122e-06
40 - 47 | 0.000147665
40 - 48 | 0.000847723
40 - 49 | -3.9222e-05
40 - 50 | 0.000354736
40 - 51 | 0.000260355
40 - 52 | 0.000324423
40 - 53 | -8.89261e-05
40 - 54 | 0.000319996
40 - 55 | 3.87675e-05
40 - 56 | 0.000106651
40 - 57 | 5.90542e-06
40 - 58 | 0.000241824
40 - 59 | 0.000330802
40 - 60 | 0.000240622
40 - 61 | 0.000163295
40 - 62 | 6.14163e-05
40 - 63 | 7.15332e-05
40 - 64 | 0.000199257
40 - 65 | 0.000145179
40 - 66 | 1.84179e-05
41 - 0 | 0.000385108
41 - 1 | -2.79937e-05
41 - 2 | 2.16593e-07
41 - 3 | -0.000183882
41 - 4 | 0.00114361
41 - 5 | 0.000797822
41 - 6 | -0.000138083
41 - 7 | 4.17688e-07
41 - 8 | -5.28135e-05
41 - 9 | 0.000578451
41 - 10 | 0.00123291
41 - 11 | -0.000223486
41 - 12 | 0.000535364
41 - 13 | 3.25439e-05
41 - 14 | 8.70032e-07
41 - 15 | 0.000157268
41 - 16 | 0.000123788
41 - 17 | 0.00144976
41 - 18 | -0.000365535
41 - 19 | 0.000596798
41 - 20 | -5.63646e-05
41 - 21 | 4.54799e-06
41 - 22 | 8.59295e-05
41 - 23 | 0.000179299
41 - 24 | 0.00117851
41 - 25 | 0.000286238
41 - 26 | 0.000121633
41 - 27 | 0.000298323
41 - 28 | 0.000135688
41 - 29 | 2.62446e-06
41 - 30 | 1.92753e-05
41 - 31 | -0.000164821
41 - 32 | 0.00149269
41 - 33 | -0.000413859
41 - 34 | 0.000390033
41 - 35 | 0.000187464
41 - 36 | 0.000145981
41 - 37 | -3.6582e-05
41 - 38 | 1.54665e-06
41 - 39 | 0.000384876
41 - 40 | -0.000526655
41 - 41 | 0.00213121
41 - 42 | -0.000313901
41 - 43 | 0.000677003
41 - 44 | -5.96352e-05
41 - 45 | 9.83445e-05
41 - 46 | 2.4177e-06
41 - 47 | 0.000102782
41 - 48 | 5.40583e-05
41 - 49 | 0.000920537
41 - 50 | 0.000115783
41 - 51 | 0.000251127
41 - 52 | -3.96143e-05
41 - 53 | 0.000236444
41 - 54 | -4.39632e-05
41 - 55 | 0.000374796
41 - 56 | 5.21769e-06
41 - 57 | 4.07704e-06
41 - 58 | 0.000190747
41 - 59 | 0.000261609
41 - 60 | 3.79463e-05
41 - 61 | 0.000232191
41 - 62 | -9.82847e-07
41 - 63 | 3.77303e-05
41 - 64 | 0.000119177
41 - 65 | 9.75551e-05
41 - 66 | 1.0601e-05
42 - 0 | 0.000146391
42 - 1 | -1.80482e-07
42 - 2 | 4.4462e-09
42 - 3 | -2.45714e-05
42 - 4 | 0.00073376
42 - 5 | 0.000231122
42 - 6 | 0.000157331
42 - 7 | 1.51493e-08
42 - 8 | 0.00016323
42 - 9 | 0.000236461
42 - 10 | 0.000190412
42 - 11 | 0.000566994
42 - 12 | 0.000178694
42 - 13 | 1.95127e-05
42 - 14 | 1.02058e-07
42 - 15 | 5.63815e-05
42 - 16 | 0.000143366
42 - 17 | 3.84928e-05
42 - 18 | 0.000545885
42 - 19 | 0.000153866
42 - 20 | 0.000137971
42 - 21 | -2.085e-07
42 - 22 | 0.000123489
42 - 23 | 3.44331e-05
42 - 24 | 0.000110852
42 - 25 | 0.000324025
42 - 26 | 0.000211882
42 - 27 | 0.000172026
42 - 28 | 7.23027e-05
42 - 29 | 2.80936e-07
42 - 30 | 6.18123e-05
42 - 31 | 0.000194637
42 - 32 | -0.000283049
42 - 33 | 0.000595759
42 - 34 | 0.00013039
42 - 35 | 9.57081e-05
42 - 36 | 9.23037e-05
42 - 37 | 7.42503e-05
42 - 38 | -1.01417e-07
42 - 39 | -8.67356e-05
42 - 40 | 0.000416559
42 - 41 | -0.000313901
42 - 42 | 0.000347361
42 - 43 | -2.53543e-05
42 - 44 | 0.000169313
42 - 45 | 2.38394e-05
42 - 46 | 8.66863e-08
42 - 47 | 1.72465e-05
42 - 48 | 0.00015657
42 - 49 | -9.65413e-05
42 - 50 | 9.59957e-05
42 - 51 | 4.83709e-05
42 - 52 | 8.42105e-05
42 - 53 | -2.83951e-05
42 - 54 | 0.00011232
42 - 55 | -3.06258e-05
42 - 56 | 2.66666e-05
42 - 57 | 2.26661e-06
42 - 58 | 4.33273e-05
42 - 59 | 2.00307e-05
42 - 60 | 0.000107532
42 - 61 | 2.40779e-05
42 - 62 | 1.5725e-05
42 - 63 | 2.7802e-05
42 - 64 | 7.7583e-05
42 - 65 | 2.01237e-05
42 - 66 | 5.14055e-06
43 - 0 | 0.000241218
43 - 1 | 0.000110597
43 - 2 | 2.57883e-07
43 - 3 | 9.15275e-05
43 - 4 | 0.000910947
43 - 5 | 0.00052644
43 - 6 | 0.000109158
43 - 7 | 2.63143e-07
43 - 8 | 0.000136291
43 - 9 | 0.000309436
43 - 10 | 0.00069685
43 - 11 | 0.000378577
43 - 12 | 0.000392968
43 - 13 | 5.08149e-05
43 - 14 | 4.56761e-07
43 - 15 | 0.000165914
43 - 16 | 0.000195439
43 - 17 | 0.000607746
43 - 18 | 0.000262596
43 - 19 | 0.000419336
43 - 20 | 9.82101e-05
43 - 21 | 2.17359e-06
43 - 22 | 0.0001944
43 - 23 | 0.000130893
43 - 24 | 0.000533015
43 - 25 | 0.000380135
43 - 26 | 0.000236515
43 - 27 | 0.000336511
43 - 28 | 0.000121051
43 - 29 | 1.87206e-06
43 - 30 | 9.21374e-05
43 - 31 | 8.34889e-05
43 - 32 | 0.00038491
43 - 33 | 0.000205611
43 - 34 | 0.000322758
43 - 35 | 0.000143445
43 - 36 | 0.000167902
43 - 37 | 2.33923e-05
43 - 38 | 8.22711e-07
43 - 39 | 0.000131349
43 - 40 | 6.92427e-05
43 - 41 | 0.000677003
43 - 42 | -2.53543e-05
43 - 43 | 0.000541694
43 - 44 | 5.03316e-06
43 - 45 | 7.06297e-05
43 - 46 | 1.62976e-06
43 - 47 | 0.000121001
43 - 48 | 0.000143435
43 - 49 | 0.000370339
43 - 50 | 0.000171862
43 - 51 | 0.000178392
43 - 52 | 7.5528e-05
43 - 53 | 0.000167973
43 - 54 | 8.63426e-05
43 - 55 | 0.000147253
43 - 56 | 5.31756e-05
43 - 57 | 3.96857e-06
43 - 58 | 0.000185871
43 - 59 | 0.000149416
43 - 60 | 8.55956e-05
43 - 61 | 0.000168578
43 - 62 | 8.43973e-06
43 - 63 | 4.98562e-05
43 - 64 | 7.48705e-05
43 - 65 | 0.000110809
43 - 66 | 8.67474e-06
44 - 0 | 0.000192558
44 - 1 | 2.79625e-06
44 - 2 | -2.605e-08
44 - 3 | 6.37322e-06
44 - 4 | 0.000635892
44 - 5 | 0.000283164
44 - 6 | 0.000107151
44 - 7 | 9.87702e-08
44 - 8 | 0.00010663
44 - 9 | 0.0002127
44 - 10 | 0.000324228
44 - 11 | 0.000412179
44 - 12 | 0.000185167
44 - 13 | 2.45615e-05
44 - 14 | 1.91471e-07
44 - 15 | 6.15169e-05
44 - 16 | 0.000114172
44 - 17 | 0.000153543
44 - 18 | 0.000372368
44 - 19 | 0.000203647
44 - 20 | 0.000103924
44 - 21 | 5.74112e-07
44 - 22 | 9.00401e-05
44 - 23 | 9.65877e-05
44 - 24 | 0.000148986
44 - 25 | 0.000279519
44 - 26 | 0.000172619
44 - 27 | 0.000174149
44 - 28 | 8.20946e-05
44 - 29 | 7.96386e-07
44 - 30 | 4.42387e-05
44 - 31 | 0.000108232
44 - 32 | -0.000119326
44 - 33 | 0.000364515
44 - 34 | 0.000131475
44 - 35 | 6.63287e-05
44 - 36 | 7.57358e-05
44 - 37 | 5.17398e-05
44 - 38 | 1.38394e-07
44 - 39 | -1.1093e-05
44 - 40 | 0.000270831
44 - 41 | -5.96352e-05
44 - 42 | 0.000169313
44 - 43 | 5.03316e-06
44 - 44 | 0.000212825
44 - 45 | 2.62334e-05
44 - 46 | 6.96639e-07
44 - 47 | 2.89974e-05
44 - 48 | 0.000100342
44 - 49 | -3.39279e-05
44 - 50 | 1.81917e-05
44 - 51 | -2.23523e-06
44 - 52 | 1.37772e-05
44 - 53 | -9.21283e-05
44 - 54 | 8.00675e-05
44 - 55 | 1.54868e-05
44 - 56 | 2.9401e-05
44 - 57 | 2.20021e-06
44 - 58 | 6.44792e-05
44 - 59 | 3.76622e-05
44 - 60 | 4.15736e-05
44 - 61 | 8.97372e-06
44 - 62 | 4.96679e-06
44 - 63 | 9.63035e-06
44 - 64 | 6.85956e-05
44 - 65 | 3.3241e-05
44 - 66 | 5.2701e-06
45 - 0 | 7.15331e-05
45 - 1 | 5.12016e-05
45 - 2 | 1.14664e-07
45 - 3 | 3.64713e-05
45 - 4 | 0.000292767
45 - 5 | 0.000167507
45 - 6 | 4.97777e-05
45 - 7 | 9.77236e-08
45 - 8 | 6.715e-05
45 - 9 | 5.42301e-05
45 - 10 | 0.000181648
45 - 11 | 0.000138146
45 - 12 | 0.000110651
45 - 13 | 1.20733e-05
45 - 14 | 1.80326e-07
45 - 15 | 5.40442e-05
45 - 16 | 3.50549e-05
45 - 17 | 0.000143465
45 - 18 | 0.000109183
45 - 19 | 0.000101858
45 - 20 | 3.80746e-05
45 - 21 | 5.22374e-07
45 - 22 | 5.9028e-05
45 - 23 | 3.09365e-05
45 - 24 | 0.00011374
45 - 25 | 0.000101287
45 - 26 | 6.15294e-05
45 - 27 | 8.64611e-05
45 - 28 | 3.26908e-05
45 - 29 | 5.50481e-07
45 - 30 | 3.12854e-05
45 - 31 | 4.15656e-05
45 - 32 | 2.30983e-05
45 - 33 | 9.03452e-05
45 - 34 | 8.55896e-05
45 - 35 | 2.96992e-05
45 - 36 | 4.54502e-05
45 - 37 | 1.52741e-05
45 - 38 | 1.91418e-07
45 - 39 | 1.5122e-05
45 - 40 | 6.28741e-05
45 - 41 | 9.83445e-05
45 - 42 | 2.38394e-05
45 - 43 | 7.06297e-05
45 - 44 | 2.62334e-05
45 - 45 | 2.71605e-05
45 - 46 | 2.49927e-07
45 - 47 | 2.17546e-05
45 - 48 | 5.50003e-05
45 - 49 | 4.26862e-05
45 - 50 | 2.81582e-05
45 - 51 | 3.11075e-05
45 - 52 | 1.31987e-05
45 - 53 | 2.46466e-05
45 - 54 | 2.55377e-05
45 - 55 | 4.53959e-05
45 - 56 | 1.56354e-05
45 - 57 | 1.18557e-06
45 - 58 | 4.50005e-05
45 - 59 | 3.89583e-05
45 - 60 | 1.77294e-05
45 - 61 | 2.37478e-05
45 - 62 | 1.88909e-06
45 - 63 | 8.39303e-06
45 - 64 | 3.53886e-05
45 - 65 | 2.13312e-05
45 - 66 | 2.86293e-06
46 - 0 | 1.25018e-06
46 - 1 | 1.53243e-06
46 - 2 | 2.25737e-09
46 - 3 | 8.62234e-07
46 - 4 | 3.32608e-06
46 - 5 | 1.869e-06
46 - 6 | 8.42122e-07
46 - 7 | 1.92811e-09
46 - 8 | 6.71849e-07
46 - 9 | 1.01816e-06
46 - 10 | 2.88508e-06
46 - 11 | 1.05951e-06
46 - 12 | 1.97005e-06
46 - 13 | 2.81842e-07
46 - 14 | 3.53106e-09
46 - 15 | 6.25326e-07
46 - 16 | 1.54601e-06
46 - 17 | 2.17083e-06
46 - 18 | 8.48258e-07
46 - 19 | 2.01453e-06
46 - 20 | 4.94397e-07
46 - 21 | 1.34963e-08
46 - 22 | 1.03882e-06
46 - 23 | 1.10439e-06
46 - 24 | 2.1508e-06
46 - 25 | 1.93998e-06
46 - 26 | 4.59279e-07
46 - 27 | 1.32885e-06
46 - 28 | 6.1567e-07
46 - 29 | 1.36621e-08
46 - 30 | 3.53934e-07
46 - 31 | 3.01116e-07
46 - 32 | 1.42039e-06
46 - 33 | 8.95679e-07
46 - 34 | 1.88482e-06
46 - 35 | 3.92227e-07
46 - 36 | 7.69861e-07
46 - 37 | 3.01106e-07
46 - 38 | 5.77243e-09
46 - 39 | 1.13996e-06
46 - 40 | 1.02122e-06
46 - 41 | 2.4177e-06
46 - 42 | 8.66863e-08
46 - 43 | 1.62976e-06
46 - 44 | 6.96639e-07
46 - 45 | 2.49927e-07
46 - 46 | 3.42168e-08
46 - 47 | 5.56921e-07
46 - 48 | 6.53915e-07
46 - 49 | 2.13555e-06
46 - 50 | 7.64319e-07
46 - 51 | 1.0915e-06
46 - 52 | 6.0463e-07
46 - 53 | 3.25533e-07
46 - 54 | 7.62645e-07
46 - 55 | 1.15318e-06
46 - 56 | 4.58226e-07
46 - 57 | 3.9643e-08
46 - 58 | 1.0429e-06
46 - 59 | 9.31256e-07
46 - 60 | 7.76009e-07
46 - 61 | 6.72431e-07
46 - 62 | 1.39282e-07
46 - 63 | 2.19093e-07
46 - 64 | 5.92885e-07
46 - 65 | 1.15361e-06
46 - 66 | 5.42855e-08
47 - 0 | 7.24741e-05
47 - 1 | 7.50271e-05
47 - 2 | 3.07342e-07
47 - 3 | 0.000152131
47 - 4 | 0.000246563
47 - 5 | 0.000131188
47 - 6 | 7.73212e-05
47 - 7 | 1.34591e-07
47 - 8 | 0.000129726
47 - 9 | 6.50053e-05
47 - 10 | 0.000179023
47 - 11 | 0.000118051
47 - 12 | 0.000101093
47 - 13 | 2.52409e-05
47 - 14 | 1.83674e-07
47 - 15 | 0.000123285
47 - 16 | 7.1016e-05
47 - 17 | 0.000113376
47 - 18 | 0.000105614
47 - 19 | 0.000112605
47 - 20 | 5.15153e-05
47 - 21 | 5.05912e-07
47 - 22 | 0.000107695
47 - 23 | 0.000156132
47 - 24 | 0.00011206
47 - 25 | 8.95677e-05
47 - 26 | 9.26462e-05
47 - 27 | 6.43254e-05
47 - 28 | 4.69424e-05
47 - 29 | 7.30842e-07
47 - 30 | 7.80266e-05
47 - 31 | 3.528e-05
47 - 32 | -6.16971e-06
47 - 33 | 0.000109821
47 - 34 | 0.000151911
47 - 35 | 5.59212e-05
47 - 36 | 6.27293e-05
47 - 37 | 1.04977e-05
47 - 38 | 2.83764e-07
47 - 39 | 7.51433e-05
47 - 40 | 0.000147665
47 - 41 | 0.000102782
47 - 42 | 1.72465e-05
47 - 43 | 0.000121001
47 - 44 | 2.89974e-05
47 - 45 | 2.17546e-05
47 - 46 | 5.56921e-07
47 - 47 | 0.000107389
47 - 48 | 9.14169e-05
47 - 49 | 0.000115892
47 - 50 | 0.000103367
47 - 51 | 9.83198e-05
47 - 52 | 7.37149e-05
47 - 53 | 4.52507e-05
47 - 54 | 4.64922e-05
47 - 55 | 4.6084e-05
47 - 56 | 3.34123e-05
47 - 57 | 1.72325e-06
47 - 58 | 0.000113375
47 - 59 | 5.96332e-05
47 - 60 | 8.43503e-05
47 - 61 | 6.19264e-05
47 - 62 | 1.56903e-05
47 - 63 | 1.52432e-05
47 - 64 | 4.7918e-05
47 - 65 | 5.73322e-05
47 - 66 | 3.60566e-06
48 - 0 | -0.000243321
48 - 1 | -0.000190613
48 - 2 | 3.58173e-08
48 - 3 | 0.000186077
48 - 4 | 0.00100076
48 - 5 | 3.16741e-05
48 - 6 | -3.15621e-05
48 - 7 | -2.07614e-08
48 - 8 | 0.000347816
48 - 9 | 0.000295519
48 - 10 | 0.000341763
48 - 11 | 7.07841e-05
48 - 12 | -7.70182e-05
48 - 13 | -9.99656e-06
48 - 14 | 2.38886e-07
48 - 15 | 0.00028117
48 - 16 | 0.000295301
48 - 17 | 0.000282389
48 - 18 | 0.000290398
48 - 19 | -7.1833e-05
48 - 20 | 6.34177e-05
48 - 21 | 1.10282e-07
48 - 22 | 0.000279038
48 - 23 | 0.000225344
48 - 24 | 0.00033297
48 - 25 | 0.000246868
48 - 26 | 0.000120562
48 - 27 | 9.0404e-05
48 - 28 | 5.73313e-06
48 - 29 | 1.18838e-06
48 - 30 | 0.000205095
48 - 31 | 0.000399168
48 - 32 | -0.000209316
48 - 33 | 0.000375465
48 - 34 | 0.000217718
48 - 35 | 2.45761e-05
48 - 36 | 8.61959e-05
48 - 37 | 7.84976e-07
48 - 38 | 5.07052e-07
48 - 39 | -3.98711e-05
48 - 40 | 0.000847723
48 - 41 | 5.40583e-05
48 - 42 | 0.00015657
48 - 43 | 0.000143435
48 - 44 | 0.000100342
48 - 45 | 5.50003e-05
48 - 46 | 6.53915e-07
48 - 47 | 9.14169e-05
48 - 48 | 0.000579861
48 - 49 | 8.93827e-05
48 - 50 | 0.000244369
48 - 51 | 0.000204185
48 - 52 | 0.000127728
48 - 53 | 4.97719e-05
48 - 54 | 0.000120506
48 - 55 | 0.000129809
48 - 56 | 6.11375e-05
48 - 57 | 4.53208e-06
48 - 58 | 0.000172419
48 - 59 | 0.000247784
48 - 60 | 0.000146259
48 - 61 | 0.000113682
48 - 62 | 4.03391e-05
48 - 63 | 4.04722e-05
48 - 64 | 0.000123358
48 - 65 | 0.000105468
48 - 66 | 1.35377e-05
49 - 0 | -0.000130782
49 - 1 | 0.000198568
49 - 2 | 6.90802e-07
49 - 3 | 2.08873e-05
49 - 4 | 3.805e-05
49 - 5 | 3.65874e-05
49 - 6 | -3.57897e-05
49 - 7 | 1.96093e-07
49 - 8 | 3.16463e-06
49 - 9 | 0.000122043
49 - 10 | 0.000330175
49 - 11 | -0.000441609
49 - 12 | 0.000126073
49 - 13 | 9.8633e-06
49 - 14 | 4.11877e-07
49 - 15 | 8.91838e-05
49 - 16 | 0.000134355
49 - 17 | 0.000513736
49 - 18 | -0.000351698
49 - 19 | 0.000153156
49 - 20 | -6.79172e-05
49 - 21 | 1.58184e-06
49 - 22 | 9.72753e-05
49 - 23 | 0.000214778
49 - 24 | 0.000556687
49 - 25 | 9.11972e-05
49 - 26 | -8.41237e-05
49 - 27 | 5.79401e-05
49 - 28 | -7.19855e-06
49 - 29 | 1.40989e-06
49 - 30 | 3.99412e-05
49 - 31 | -5.23756e-05
49 - 32 | 0.000654044
49 - 33 | -0.000122408
49 - 34 | 0.000475032
49 - 35 | 0.000107921
49 - 36 | 7.05e-05
49 - 37 | -3.27637e-05
49 - 38 | 8.72759e-07
49 - 39 | 0.000244755
49 - 40 | -3.9222e-05
49 - 41 | 0.000920537
49 - 42 | -9.65413e-05
49 - 43 | 0.000370339
49 - 44 | -3.39279e-05
49 - 45 | 4.26862e-05
49 - 46 | 2.13555e-06
49 - 47 | 0.000115892
49 - 48 | 8.93827e-05
49 - 49 | 0.000869998
49 - 50 | 0.0003714
49 - 51 | 0.000434008
49 - 52 | 0.000241313
49 - 53 | 0.000193925
49 - 54 | 3.84588e-05
49 - 55 | 0.000203005
49 - 56 | 3.24019e-05
49 - 57 | 3.68441e-06
49 - 58 | 0.000168727
49 - 59 | 0.000203088
49 - 60 | 0.000219009
49 - 61 | 0.000259886
49 - 62 | 5.30782e-05
49 - 63 | 5.73817e-05
49 - 64 | 8.91678e-05
49 - 65 | 9.67471e-05
49 - 66 | 8.21469e-06
50 - 0 | -0.000393013
50 - 1 | 0.000366823
50 - 2 | 7.77507e-07
50 - 3 | 0.00010577
50 - 4 | -0.000294914
50 - 5 | -0.000276451
50 - 6 | 0.00013253
50 - 7 | 1.63883e-07
50 - 8 | 7.94107e-05
50 - 9 | 5.27541e-05
50 - 10 | -0.000179466
50 - 11 | -0.000123779
50 - 12 | -9.25526e-05
50 - 13 | 4.30795e-06
50 - 14 | 1.98007e-07
50 - 15 | 9.7005e-05
50 - 16 | 7.07936e-05
50 - 17 | -9.40245e-05
50 - 18 | -3.18784e-05
50 - 19 | -5.31354e-05
50 - 20 | -1.88875e-05
50 - 21 | -1.90367e-07
50 - 22 | 0.00014171
50 - 23 | 0.00019415
50 - 24 | 0.000127506
50 - 25 | 3.77608e-05
50 - 26 | -4.36523e-05
50 - 27 | 3.72003e-05
50 - 28 | -7.2703e-05
50 - 29 | 9.32448e-07
50 - 30 | 7.38517e-05
50 - 31 | 0.000150026
50 - 32 | 2.51076e-06
50 - 33 | 0.000239483
50 - 34 | 0.000505582
50 - 35 | 0.000122953
50 - 36 | 5.68623e-05
50 - 37 | -1.3108e-05
50 - 38 | 4.37633e-07
50 - 39 | 3.75048e-05
50 - 40 | 0.000354736
50 - 41 | 0.000115783
50 - 42 | 9.59957e-05
50 - 43 | 0.000171862
50 - 44 | 1.81917e-05
50 - 45 | 2.81582e-05
50 - 46 | 7.64319e-07
50 - 47 | 0.000103367
50 - 48 | 0.000244369
50 - 49 | 0.0003714
50 - 50 | 0.000765491
50 - 51 | 0.000426248
50 - 52 | 0.00041422
50 - 53 | 0.000182635
50 - 54 | 0.000174596
50 - 55 | 8.32796e-05
50 - 56 | 5.03483e-05
50 - 57 | 3.27529e-06
50 - 58 | 0.000132311
50 - 59 | 0.000170086
50 - 60 | 0.000296881
50 - 61 | 0.000265249
50 - 62 | 7.40604e-05
50 - 63 | 7.85227e-05
50 - 64 | 0.000131983
50 - 65 | 5.64223e-05
50 - 66 | 7.00712e-06
51 - 0 | -0.000301171
51 - 1 | 0.000326418
51 - 2 | 7.97001e-07
51 - 3 | 0.000168223
51 - 4 | -0.000220234
51 - 5 | -0.000128989
51 - 6 | 9.12346e-05
51 - 7 | 2.20263e-07
51 - 8 | 0.000172223
51 - 9 | -1.73988e-05
51 - 10 | -8.88779e-05
51 - 11 | -0.000177793
51 - 12 | -9.82869e-06
51 - 13 | 9.14958e-06
51 - 14 | 1.92659e-07
51 - 15 | 0.000121609
51 - 16 | 6.92514e-05
51 - 17 | -1.68167e-05
51 - 18 | -0.00010981
51 - 19 | -2.59404e-05
51 - 20 | 9.92515e-06
51 - 21 | 1.15629e-07
51 - 22 | 0.000142828
51 - 23 | 9.86719e-05
51 - 24 | 0.000142049
51 - 25 | 3.80557e-05
51 - 26 | -3.56421e-05
51 - 27 | -4.94294e-05
51 - 28 | 3.80479e-06
51 - 29 | 4.6197e-07
51 - 30 | 8.73076e-05
51 - 31 | 0.000111455
51 - 32 | 8.67327e-05
51 - 33 | 0.000121605
51 - 34 | 0.000439988
51 - 35 | 0.000140668
51 - 36 | 5.73069e-05
51 - 37 | 7.82042e-06
51 - 38 | 3.50111e-07
51 - 39 | 7.86346e-05
51 - 40 | 0.000260355
51 - 41 | 0.000251127
51 - 42 | 4.83709e-05
51 - 43 | 0.000178392
51 - 44 | -2.23523e-06
51 - 45 | 3.11075e-05
51 - 46 | 1.0915e-06
51 - 47 | 9.83198e-05
51 - 48 | 0.000204185
51 - 49 | 0.000434008
51 - 50 | 0.000426248
51 - 51 | 0.000579435
51 - 52 | 0.000313771
51 - 53 | 0.000229471
51 - 54 | 3.29039e-05
51 - 55 | 0.00013667
51 - 56 | 4.73855e-05
51 - 57 | 2.78483e-06
51 - 58 | 0.000131866
51 - 59 | 0.000162644
51 - 60 | 0.000283389
51 - 61 | 0.000236802
51 - 62 | 5.9535e-05
51 - 63 | 9.54345e-05
51 - 64 | 6.38059e-05
51 - 65 | 7.75034e-05
51 - 66 | 6.85466e-06
52 - 0 | -0.00027568
52 - 1 | 0.000315865
52 - 2 | 7.432e-07
52 - 3 | 0.000124091
52 - 4 | -0.000313334
52 - 5 | -0.000150612
52 - 6 | 0.000151323
52 - 7 | 1.78289e-07
52 - 8 | 0.000130883
52 - 9 | -0.000139103
52 - 10 | -0.000167603
52 - 11 | -0.000106333
52 - 12 | -3.47895e-05
52 - 13 | 7.47797e-06
52 - 14 | 1.27535e-07
52 - 15 | 7.86021e-05
52 - 16 | 6.09568e-06
52 - 17 | -0.000172148
52 - 18 | 1.13893e-05
52 - 19 | -6.1215e-05
52 - 20 | 9.63775e-06
52 - 21 | -4.46639e-07
52 - 22 | 9.42217e-05
52 - 23 | 5.92429e-05
52 - 24 | -2.68394e-05
52 - 25 | -1.59176e-05
52 - 26 | -4.01738e-05
52 - 27 | -1.03691e-05
52 - 28 | -5.88632e-05
52 - 29 | 5.23309e-07
52 - 30 | 6.78799e-05
52 - 31 | 8.12999e-05
52 - 32 | -0.000154973
52 - 33 | 0.000196985
52 - 34 | 0.000454028
52 - 35 | 7.26191e-05
52 - 36 | 6.69749e-05
52 - 37 | 8.67296e-06
52 - 38 | 1.21598e-07
52 - 39 | 7.25708e-06
52 - 40 | 0.000324423
52 - 41 | -3.96143e-05
52 - 42 | 8.42105e-05
52 - 43 | 7.5528e-05
52 - 44 | 1.37772e-05
52 - 45 | 1.31987e-05
52 - 46 | 6.0463e-07
52 - 47 | 7.37149e-05
52 - 48 | 0.000127728
52 - 49 | 0.000241313
52 - 50 | 0.00041422
52 - 51 | 0.000313771
52 - 52 | 0.000372943
52 - 53 | 0.000121568
52 - 54 | 0.000122659
52 - 55 | 2.31591e-05
52 - 56 | 3.46528e-05
52 - 57 | 2.53724e-06
52 - 58 | 0.000100631
52 - 59 | 8.62468e-05
52 - 60 | 0.000233451
52 - 61 | 0.000172471
52 - 62 | 5.00765e-05
52 - 63 | 5.86453e-05
52 - 64 | 7.71649e-05
52 - 65 | 4.47738e-05
52 - 66 | 5.71489e-06
53 - 0 | -2.0611e-05
53 - 1 | 0.000182243
53 - 2 | 4.08318e-07
53 - 3 | 7.22445e-05
53 - 4 | -0.000151374
53 - 5 | -3.30024e-06
53 - 6 | 5.54637e-05
53 - 7 | 1.41316e-07
53 - 8 | 6.21585e-05
53 - 9 | 3.89726e-05
53 - 10 | -5.88766e-05
53 - 11 | -3.2875e-05
53 - 12 | 7.4667e-05
53 - 13 | 3.01381e-06
53 - 14 | 1.69476e-07
53 - 15 | 3.9284e-05
53 - 16 | 3.28831e-05
53 - 17 | 1.23298e-05
53 - 18 | -9.13771e-05
53 - 19 | 5.28648e-05
53 - 20 | 2.1554e-05
53 - 21 | 1.61442e-07
53 - 22 | 4.49306e-05
53 - 23 | 4.96712e-05
53 - 24 | 7.28251e-05
53 - 25 | -1.48468e-05
53 - 26 | 3.45355e-05
53 - 27 | -2.6541e-05
53 - 28 | 2.6669e-05
53 - 29 | 1.90003e-07
53 - 30 | 1.96467e-05
53 - 31 | 2.29517e-07
53 - 32 | 0.000168634
53 - 33 | 1.02355e-05
53 - 34 | 0.000121677
53 - 35 | 7.45374e-05
53 - 36 | 4.7839e-05
53 - 37 | 9.19932e-06
53 - 38 | 1.60472e-07
53 - 39 | 8.31046e-05
53 - 40 | -8.89261e-05
53 - 41 | 0.000236444
53 - 42 | -2.83951e-05
53 - 43 | 0.000167973
53 - 44 | -9.21283e-05
53 - 45 | 2.46466e-05
53 - 46 | 3.25533e-07
53 - 47 | 4.52507e-05
53 - 48 | 4.97719e-05
53 - 49 | 0.000193925
53 - 50 | 0.000182635
53 - 51 | 0.000229471
53 - 52 | 0.000121568
53 - 53 | 0.000272224
53 - 54 | -3.30034e-05
53 - 55 | 9.05999e-05
53 - 56 | 1.31901e-05
53 - 57 | 9.01421e-07
53 - 58 | 5.81464e-05
53 - 59 | 5.37452e-05
53 - 60 | 0.000143569
53 - 61 | 0.000104882
53 - 62 | 2.40685e-05
53 - 63 | 4.89885e-05
53 - 64 | 1.98182e-05
53 - 65 | 2.71211e-05
53 - 66 | 1.51306e-06
54 - 0 | 1.17058e-05
54 - 1 | 6.87696e-05
54 - 2 | 1.35109e-07
54 - 3 | 2.62994e-05
54 - 4 | 0.000393347
54 - 5 | 0.000124801
54 - 6 | 9.96312e-05
54 - 7 | 8.95932e-08
54 - 8 | 8.49519e-05
54 - 9 | 9.48393e-05
54 - 10 | 0.000188438
54 - 11 | 0.00022347
54 - 12 | 0.000129897
54 - 13 | 2.39512e-05
54 - 14 | 1.94801e-07
54 - 15 | 6.53433e-05
54 - 16 | 0.000102663
54 - 17 | 0.000118275
54 - 18 | 0.000266237
54 - 19 | 0.000113547
54 - 20 | 4.95687e-05
54 - 21 | 3.81868e-07
54 - 22 | 0.000104871
54 - 23 | 7.95779e-05
54 - 24 | 0.000131961
54 - 25 | 0.000171421
54 - 26 | 0.000101391
54 - 27 | 0.000189549
54 - 28 | 9.28323e-06
54 - 29 | 1.00291e-06
54 - 30 | 5.4952e-05
54 - 31 | 0.000138183
54 - 32 | -0.000118949
54 - 33 | 0.000250024
54 - 34 | 0.000246292
54 - 35 | 4.31317e-05
54 - 36 | 8.07189e-05
54 - 37 | 3.09592e-05
54 - 38 | 2.63913e-07
54 - 39 | -2.58106e-05
54 - 40 | 0.000319996
54 - 41 | -4.39632e-05
54 - 42 | 0.00011232
54 - 43 | 8.63426e-05
54 - 44 | 8.00675e-05
54 - 45 | 2.55377e-05
54 - 46 | 7.62645e-07
54 - 47 | 4.64922e-05
54 - 48 | 0.000120506
54 - 49 | 3.84588e-05
54 - 50 | 0.000174596
54 - 51 | 3.29039e-05
54 - 52 | 0.000122659
54 - 53 | -3.30034e-05
54 - 54 | 0.000191737
54 - 55 | -9.92868e-06
54 - 56 | 3.94619e-05
54 - 57 | 2.55534e-06
54 - 58 | 7.60676e-05
54 - 59 | 6.76485e-05
54 - 60 | 7.05551e-05
54 - 61 | 5.07404e-05
54 - 62 | 1.72895e-05
54 - 63 | 2.24155e-05
54 - 64 | 9.20184e-05
54 - 65 | 4.95937e-05
54 - 66 | 5.82186e-06
55 - 0 | 4.93951e-05
55 - 1 | 0.000138984
55 - 2 | 3.41001e-07
55 - 3 | 9.57198e-05
55 - 4 | 0.00041525
55 - 5 | 0.000234588
55 - 6 | 5.43598e-05
55 - 7 | 2.06459e-07
55 - 8 | 0.000104691
55 - 9 | 8.56343e-05
55 - 10 | 0.000286963
55 - 11 | 2.81094e-05
55 - 12 | 0.000174585
55 - 13 | 1.34812e-05
55 - 14 | 4.15979e-07
55 - 15 | 0.000109839
55 - 16 | 8.15925e-05
55 - 17 | 0.000307343
55 - 18 | 7.39125e-06
55 - 19 | 0.000119074
55 - 20 | 4.05457e-05
55 - 21 | 1.25229e-06
55 - 22 | 9.59556e-05
55 - 23 | 8.54902e-05
55 - 24 | 0.000275284
55 - 25 | 0.000100627
55 - 26 | 5.63431e-05
55 - 27 | 6.11393e-05
55 - 28 | 4.62644e-05
55 - 29 | 1.21835e-06
55 - 30 | 4.70201e-05
55 - 31 | 6.04895e-05
55 - 32 | 0.000177935
55 - 33 | 2.09163e-06
55 - 34 | 0.000113011
55 - 35 | 6.81858e-05
55 - 36 | 4.63125e-05
55 - 37 | 9.01232e-06
55 - 38 | 5.9326e-07
55 - 39 | 9.64506e-05
55 - 40 | 3.87675e-05
55 - 41 | 0.000374796
55 - 42 | -3.06258e-05
55 - 43 | 0.000147253
55 - 44 | 1.54868e-05
55 - 45 | 4.53959e-05
55 - 46 | 1.15318e-06
55 - 47 | 4.6084e-05
55 - 48 | 0.000129809
55 - 49 | 0.000203005
55 - 50 | 8.32796e-05
55 - 51 | 0.00013667
55 - 52 | 2.31591e-05
55 - 53 | 9.05999e-05
55 - 54 | -9.92868e-06
55 - 55 | 0.000211435
55 - 56 | 2.60655e-05
55 - 57 | 2.79487e-06
55 - 58 | 9.77376e-05
55 - 59 | 0.000112702
55 - 60 | 5.16806e-05
55 - 61 | 6.24846e-05
55 - 62 | 1.43061e-05
55 - 63 | 1.39473e-05
55 - 64 | 8.51235e-05
55 - 65 | 5.92544e-05
55 - 66 | 6.99884e-06
56 - 0 | 3.63179e-06
56 - 1 | 3.44295e-05
56 - 2 | 1.04161e-07
56 - 3 | 7.23341e-05
56 - 4 | 0.000178547
56 - 5 | 6.20282e-05
56 - 6 | 3.63167e-05
56 - 7 | 5.245e-08
56 - 8 | 6.00613e-05
56 - 9 | 3.18752e-05
56 - 10 | 0.000106961
56 - 11 | 8.56963e-05
56 - 12 | 4.63739e-05
56 - 13 | 8.59528e-06
56 - 14 | 9.36797e-08
56 - 15 | 5.50903e-05
56 - 16 | 4.5962e-05
56 - 17 | 5.99687e-05
56 - 18 | 9.38114e-05
56 - 19 | 5.22764e-05
56 - 20 | 3.05144e-05
56 - 21 | 1.97526e-07
56 - 22 | 5.72784e-05
56 - 23 | 6.40895e-05
56 - 24 | 5.57739e-05
56 - 25 | 6.20462e-05
56 - 26 | 5.39997e-05
56 - 27 | 5.13361e-05
56 - 28 | 1.92129e-05
56 - 29 | 4.25504e-07
56 - 30 | 3.86726e-05
56 - 31 | 3.6814e-05
56 - 32 | -3.14734e-05
56 - 33 | 9.93012e-05
56 - 34 | 7.13312e-05
56 - 35 | 2.09418e-05
56 - 36 | 3.44558e-05
56 - 37 | 1.18386e-05
56 - 38 | 1.52585e-07
56 - 39 | 1.17311e-05
56 - 40 | 0.000106651
56 - 41 | 5.21769e-06
56 - 42 | 2.66666e-05
56 - 43 | 5.31756e-05
56 - 44 | 2.9401e-05
56 - 45 | 1.56354e-05
56 - 46 | 4.58226e-07
56 - 47 | 3.34123e-05
56 - 48 | 6.11375e-05
56 - 49 | 3.24019e-05
56 - 50 | 5.03483e-05
56 - 51 | 4.73855e-05
56 - 52 | 3.46528e-05
56 - 53 | 1.31901e-05
56 - 54 | 3.94619e-05
56 - 55 | 2.60655e-05
56 - 56 | 3.30691e-05
56 - 57 | 1.27651e-06
56 - 58 | 5.53967e-05
56 - 59 | 3.31658e-05
56 - 60 | 3.73711e-05
56 - 61 | 2.6234e-05
56 - 62 | 8.04254e-06
56 - 63 | 6.98579e-06
56 - 64 | 3.94169e-05
56 - 65 | 3.7861e-05
56 - 66 | 2.94826e-06
57 - 0 | 2.28498e-08
57 - 1 | 2.06408e-06
57 - 2 | 9.28802e-09
57 - 3 | 2.34605e-06
57 - 4 | 1.47782e-05
57 - 5 | 5.3461e-06
57 - 6 | 2.67497e-06
57 - 7 | 3.96488e-09
57 - 8 | 3.56013e-06
57 - 9 | 7.15315e-07
57 - 10 | 9.55989e-06
57 - 11 | 4.12667e-06
57 - 12 | 4.90888e-06
57 - 13 | 5.77812e-07
57 - 14 | 9.36479e-09
57 - 15 | 3.79491e-06
57 - 16 | 2.05894e-06
57 - 17 | 7.71724e-06
57 - 18 | 5.30462e-06
57 - 19 | 4.69713e-06
57 - 20 | 1.76474e-06
57 - 21 | 2.48269e-08
57 - 22 | 4.2324e-06
57 - 23 | 2.09667e-06
57 - 24 | 6.65363e-06
57 - 25 | 5.42874e-06
57 - 26 | 2.43431e-06
57 - 27 | 4.73912e-06
57 - 28 | 1.15733e-06
57 - 29 | 3.9073e-08
57 - 30 | 2.48087e-06
57 - 31 | 3.00093e-06
57 - 32 | -1.61712e-06
57 - 33 | 6.30738e-06
57 - 34 | 6.54151e-06
57 - 35 | 7.12916e-07
57 - 36 | 3.2139e-06
57 - 37 | 4.45465e-07
57 - 38 | 1.49302e-08
57 - 39 | 1.12443e-06
57 - 40 | 5.90542e-06
57 - 41 | 4.07704e-06
57 - 42 | 2.26661e-06
57 - 43 | 3.96857e-06
57 - 44 | 2.20021e-06
57 - 45 | 1.18557e-06
57 - 46 | 3.9643e-08
57 - 47 | 1.72325e-06
57 - 48 | 4.53208e-06
57 - 49 | 3.68441e-06
57 - 50 | 3.27529e-06
57 - 51 | 2.78483e-06
57 - 52 | 2.53724e-06
57 - 53 | 9.01421e-07
57 - 54 | 2.55534e-06
57 - 55 | 2.79487e-06
57 - 56 | 1.27651e-06
57 - 57 | 1.58925e-07
57 - 58 | 3.96643e-06
57 - 59 | 2.96075e-06
57 - 60 | 2.26314e-06
57 - 61 | 1.74556e-06
57 - 62 | 5.32382e-07
57 - 63 | 1.3677e-07
57 - 64 | 2.53631e-06
57 - 65 | 2.29984e-06
57 - 66 | 3.11021e-07
58 - 0 | 3.84925e-05
58 - 1 | 7.88126e-05
58 - 2 | 4.37953e-07
58 - 3 | 0.000178526
58 - 4 | 0.000549254
58 - 5 | 0.000222574
58 - 6 | 9.64957e-05
58 - 7 | 1.8259e-07
58 - 8 | 0.000179315
58 - 9 | 5.30484e-05
58 - 10 | 0.000384715
58 - 11 | 0.000158244
58 - 12 | 0.000169006
58 - 13 | 2.82938e-05
58 - 14 | 3.26209e-07
58 - 15 | 0.000188312
58 - 16 | 9.35139e-05
58 - 17 | 0.000275985
58 - 18 | 0.000193855
58 - 19 | 0.000170047
58 - 20 | 7.86175e-05
58 - 21 | 8.80989e-07
58 - 22 | 0.000175648
58 - 23 | 0.000175462
58 - 24 | 0.000250208
58 - 25 | 0.000161155
58 - 26 | 0.000146529
58 - 27 | 0.000122542
58 - 28 | 7.04951e-05
58 - 29 | 1.26992e-06
58 - 30 | 0.000120959
58 - 31 | 6.61213e-05
58 - 32 | -1.84476e-05
58 - 33 | 0.000222528
58 - 34 | 0.000226045
58 - 35 | 6.00628e-05
58 - 36 | 0.000113492
58 - 37 | 1.94143e-05
58 - 38 | 4.76004e-07
58 - 39 | 8.23521e-05
58 - 40 | 0.000241824
58 - 41 | 0.000190747
58 - 42 | 4.33273e-05
58 - 43 | 0.000185871
58 - 44 | 6.44792e-05
58 - 45 | 4.50005e-05
58 - 46 | 1.0429e-06
58 - 47 | 0.000113375
58 - 48 | 0.000172419
58 - 49 | 0.000168727
58 - 50 | 0.000132311
58 - 51 | 0.000131866
58 - 52 | 0.000100631
58 - 53 | 5.81464e-05
58 - 54 | 7.60676e-05
58 - 55 | 9.77376e-05
58 - 56 | 5.53967e-05
58 - 57 | 3.96643e-06
58 - 58 | 0.000195165
58 - 59 | 0.000109406
58 - 60 | 0.000111247
58 - 61 | 7.77811e-05
58 - 62 | 2.36669e-05
58 - 63 | 5.05087e-06
58 - 64 | 9.23675e-05
58 - 65 | 7.36207e-05
58 - 66 | 9.96897e-06
59 - 0 | -0.00011197
59 - 1 | -9.16565e-06
59 - 2 | 1.68541e-07
59 - 3 | 9.14371e-05
59 - 4 | 0.000430473
59 - 5 | 4.63041e-05
59 - 6 | -1.80031e-05
59 - 7 | 8.39294e-08
59 - 8 | 0.000146421
59 - 9 | 0.000128974
59 - 10 | 0.000237104
59 - 11 | -6.26331e-05
59 - 12 | 1.43689e-05
59 - 13 | 3.04536e-06
59 - 14 | 2.62656e-07
59 - 15 | 0.000141805
59 - 16 | 0.000134066
59 - 17 | 0.000255894
59 - 18 | 2.83122e-05
59 - 19 | 2.04668e-05
59 - 20 | 1.28803e-05
59 - 21 | 6.97234e-07
59 - 22 | 0.000145057
59 - 23 | 0.000129228
59 - 24 | 0.000264986
59 - 25 | 0.00012444
59 - 26 | 2.31215e-05
59 - 27 | 8.49225e-05
59 - 28 | 1.2364e-05
59 - 29 | 1.01888e-06
59 - 30 | 9.12536e-05
59 - 31 | 0.000166298
59 - 32 | 8.1103e-05
59 - 33 | 8.43062e-05
59 - 34 | 0.000194371
59 - 35 | 3.27763e-05
59 - 36 | 5.51695e-05
59 - 37 | -3.64221e-06
59 - 38 | 5.02881e-07
59 - 39 | 4.09385e-05
59 - 40 | 0.000330802
59 - 41 | 0.000261609
59 - 42 | 2.00307e-05
59 - 43 | 0.000149416
59 - 44 | 3.76622e-05
59 - 45 | 3.89583e-05
59 - 46 | 9.31256e-07
59 - 47 | 5.96332e-05
59 - 48 | 0.000247784
59 - 49 | 0.000203088
59 - 50 | 0.000170086
59 - 51 | 0.000162644
59 - 52 | 8.62468e-05
59 - 53 | 5.37452e-05
59 - 54 | 6.76485e-05
59 - 55 | 0.000112702
59 - 56 | 3.31658e-05
59 - 57 | 2.96075e-06
59 - 58 | 0.000109406
59 - 59 | 0.000169209
59 - 60 | 7.84001e-05
59 - 61 | 9.88123e-05
59 - 62 | 2.3457e-05
59 - 63 | 2.87163e-05
59 - 64 | 8.06638e-05
59 - 65 | 6.72532e-05
59 - 66 | 8.07072e-06
60 - 0 | -0.000174565
60 - 1 | 8.89958e-05
60 - 2 | 4.44284e-07
60 - 3 | 8.48284e-05
60 - 4 | -0.000133013
60 - 5 | -0.000184845
60 - 6 | 4.4555e-05
60 - 7 | 4.78486e-08
60 - 8 | 6.19561e-05
60 - 9 | 0.000119138
60 - 10 | -6.47201e-05
60 - 11 | -0.000133848
60 - 12 | -3.07845e-05
60 - 13 | 1.34253e-06
60 - 14 | 9.00187e-08
60 - 15 | 6.04277e-05
60 - 16 | 9.43315e-05
60 - 17 | -6.43323e-05
60 - 18 | -2.54742e-05
60 - 19 | -2.56748e-05
60 - 20 | 2.18671e-05
60 - 21 | -4.21152e-07
60 - 22 | 7.2361e-05
60 - 23 | 0.000162949
60 - 24 | 6.84653e-05
60 - 25 | 1.97693e-05
60 - 26 | 3.72596e-05
60 - 27 | -7.97772e-06
60 - 28 | -2.34529e-06
60 - 29 | 3.94245e-07
60 - 30 | 6.11701e-05
60 - 31 | 4.66472e-05
60 - 32 | 4.57056e-06
60 - 33 | 0.000232301
60 - 34 | 0.00021926
60 - 35 | 7.41117e-05
60 - 36 | 5.49994e-05
60 - 37 | 1.56598e-05
60 - 38 | 1.74354e-07
60 - 39 | 6.16271e-05
60 - 40 | 0.000240622
60 - 41 | 3.79463e-05
60 - 42 | 0.000107532
60 - 43 | 8.55956e-05
60 - 44 | 4.15736e-05
60 - 45 | 1.77294e-05
60 - 46 | 7.76009e-07
60 - 47 | 8.43503e-05
60 - 48 | 0.000146259
60 - 49 | 0.000219009
60 - 50 | 0.000296881
60 - 51 | 0.000283389
60 - 52 | 0.000233451
60 - 53 | 0.000143569
60 - 54 | 7.05551e-05
60 - 55 | 5.16806e-05
60 - 56 | 3.73711e-05
60 - 57 | 2.26314e-06
60 - 58 | 0.000111247
60 - 59 | 7.84001e-05
60 - 60 | 0.000307528
60 - 61 | 0.000131554
60 - 62 | 4.94714e-05
60 - 63 | 6.08542e-05
60 - 64 | 6.42336e-05
60 - 65 | 5.5361e-05
60 - 66 | 5.52967e-06
61 - 0 | -0.000104517
61 - 1 | 0.000185307
61 - 2 | 4.00879e-07
61 - 3 | 0.000102456
61 - 4 | 5.64971e-07
61 - 5 | 3.75818e-05
61 - 6 | 7.37516e-05
61 - 7 | 1.75964e-07
61 - 8 | 8.78481e-05
61 - 9 | 0.000107224
61 - 10 | 6.36278e-05
61 - 11 | -3.21925e-05
61 - 12 | 3.74906e-05
61 - 13 | 1.51269e-05
61 - 14 | 1.22179e-07
61 - 15 | 7.51416e-05
61 - 16 | 8.76037e-05
61 - 17 | 2.85701e-05
61 - 18 | -2.74796e-05
61 - 19 | 6.44711e-05
61 - 20 | 2.71392e-06
61 - 21 | 5.62179e-07
61 - 22 | 9.14218e-05
61 - 23 | 5.459e-05
61 - 24 | 0.000135684
61 - 25 | 8.37974e-05
61 - 26 | -2.87494e-05
61 - 27 | 9.65596e-05
61 - 28 | -1.90173e-05
61 - 29 | 6.68356e-07
61 - 30 | 4.56935e-05
61 - 31 | 6.22929e-05
61 - 32 | 0.000107444
61 - 33 | 6.64282e-05
61 - 34 | 0.00028971
61 - 35 | 4.91834e-05
61 - 36 | 6.06896e-05
61 - 37 | -9.00265e-06
61 - 38 | 3.76715e-07
61 - 39 | 5.97716e-05
61 - 40 | 0.000163295
61 - 41 | 0.000232191
61 - 42 | 2.40779e-05
61 - 43 | 0.000168578
61 - 44 | 8.97372e-06
61 - 45 | 2.37478e-05
61 - 46 | 6.72431e-07
61 - 47 | 6.19264e-05
61 - 48 | 0.000113682
61 - 49 | 0.000259886
61 - 50 | 0.000265249
61 - 51 | 0.000236802
61 - 52 | 0.000172471
61 - 53 | 0.000104882
61 - 54 | 5.07404e-05
61 - 55 | 6.24846e-05
61 - 56 | 2.6234e-05
61 - 57 | 1.74556e-06
61 - 58 | 7.77811e-05
61 - 59 | 9.88123e-05
61 - 60 | 0.000131554
61 - 61 | 0.000205191
61 - 62 | 2.24342e-05
61 - 63 | 6.34088e-05
61 - 64 | 3.56982e-05
61 - 65 | 4.84345e-05
61 - 66 | 4.13659e-06
62 - 0 | -7.53034e-05
62 - 1 | 5.83498e-06
62 - 2 | 8.09477e-08
62 - 3 | 1.41618e-05
62 - 4 | -6.1289e-05
62 - 5 | -8.70182e-05
62 - 6 | -5.01726e-06
62 - 7 | -1.39945e-08
62 - 8 | 4.43061e-06
62 - 9 | 8.25424e-06
62 - 10 | -4.54011e-05
62 - 11 | -5.75195e-05
62 - 12 | -3.50373e-05
62 - 13 | -1.25801e-06
62 - 14 | 9.04172e-09
62 - 15 | 1.35656e-05
62 - 16 | 1.87407e-05
62 - 17 | -1.46978e-05
62 - 18 | -2.28763e-05
62 - 19 | -2.82306e-05
62 - 20 | -4.26797e-06
62 - 21 | -1.39581e-07
62 - 22 | 1.39985e-05
62 - 23 | 5.19683e-05
62 - 24 | 7.03659e-06
62 - 25 | -9.27801e-06
62 - 26 | -3.17954e-06
62 - 27 | -1.63593e-05
62 - 28 | -5.88392e-06
62 - 29 | 4.60291e-08
62 - 30 | 1.33359e-05
62 - 31 | 2.23789e-05
62 - 32 | -1.35006e-05
62 - 33 | 3.2251e-05
62 - 34 | 3.96538e-05
62 - 35 | 1.14038e-05
62 - 36 | 5.0016e-06
62 - 37 | 4.58074e-07
62 - 38 | 3.69111e-08
62 - 39 | 9.29731e-06
62 - 40 | 6.14163e-05
62 - 41 | -9.82847e-07
62 - 42 | 1.5725e-05
62 - 43 | 8.43973e-06
62 - 44 | 4.96679e-06
62 - 45 | 1.88909e-06
62 - 46 | 1.39282e-07
62 - 47 | 1.56903e-05
62 - 48 | 4.03391e-05
62 - 49 | 5.30782e-05
62 - 50 | 7.40604e-05
62 - 51 | 5.9535e-05
62 - 52 | 5.00765e-05
62 - 53 | 2.40685e-05
62 - 54 | 1.72895e-05
62 - 55 | 1.43061e-05
62 - 56 | 8.04254e-06
62 - 57 | 5.32382e-07
62 - 58 | 2.36669e-05
62 - 59 | 2.3457e-05
62 - 60 | 4.94714e-05
62 - 61 | 2.24342e-05
62 - 62 | 1.50432e-05
62 - 63 | 3.89029e-06
62 - 64 | 2.22863e-05
62 - 65 | 8.81732e-06
62 - 66 | 1.37159e-06
63 - 0 | -1.04515e-05
63 - 1 | 5.12544e-05
63 - 2 | 8.28667e-08
63 - 3 | 1.03886e-05
63 - 4 | -2.99346e-05
63 - 5 | -1.43967e-05
63 - 6 | 2.01705e-05
63 - 7 | 4.21412e-08
63 - 8 | 2.75786e-05
63 - 9 | 8.12253e-05
63 - 10 | -4.00599e-05
63 - 11 | 1.65426e-05
63 - 12 | 4.88421e-06
63 - 13 | 4.83093e-06
63 - 14 | -1.07166e-09
63 - 15 | -3.36673e-06
63 - 16 | 6.37968e-05
63 - 17 | -4.97567e-05
63 - 18 | 1.96176e-05
63 - 19 | -9.40519e-07
63 - 20 | 5.00842e-06
63 - 21 | 8.19503e-08
63 - 22 | 1.80939e-05
63 - 23 | 2.61906e-07
63 - 24 | 4.10462e-06
63 - 25 | 4.24787e-05
63 - 26 | -5.21991e-06
63 - 27 | 4.57389e-05
63 - 28 | -1.18966e-05
63 - 29 | 1.79808e-07
63 - 30 | 1.30878e-06
63 - 31 | 6.33862e-05
63 - 32 | 3.8959e-05
63 - 33 | 4.0943e-05
63 - 34 | 9.87145e-05
63 - 35 | 3.61099e-05
63 - 36 | 8.77816e-06
63 - 37 | 1.08294e-05
63 - 38 | 7.01606e-08
63 - 39 | 8.73314e-06
63 - 40 | 7.15332e-05
63 - 41 | 3.77303e-05
63 - 42 | 2.7802e-05
63 - 43 | 4.98562e-05
63 - 44 | 9.63035e-06
63 - 45 | 8.39303e-06
63 - 46 | 2.19093e-07
63 - 47 | 1.52432e-05
63 - 48 | 4.04722e-05
63 - 49 | 5.73817e-05
63 - 50 | 7.85227e-05
63 - 51 | 9.54345e-05
63 - 52 | 5.86453e-05
63 - 53 | 4.89885e-05
63 - 54 | 2.24155e-05
63 - 55 | 1.39473e-05
63 - 56 | 6.98579e-06
63 - 57 | 1.3677e-07
63 - 58 | 5.05087e-06
63 - 59 | 2.87163e-05
63 - 60 | 6.08542e-05
63 - 61 | 6.34088e-05
63 - 62 | 3.89029e-06
63 - 63 | 7.0746e-05
63 - 64 | -5.43554e-06
63 - 65 | 2.49623e-05
63 - 66 | -6.71766e-08
64 - 0 | 4.09072e-05
64 - 1 | 5.56939e-05
64 - 2 | 2.12427e-07
64 - 3 | 3.85372e-05
64 - 4 | 0.000418073
64 - 5 | 0.000133736
64 - 6 | 6.58655e-05
64 - 7 | 9.77682e-08
64 - 8 | 8.79592e-05
64 - 9 | 0.000108387
64 - 10 | 0.000219053
64 - 11 | 0.000169245
64 - 12 | 0.000130981
64 - 13 | 6.68811e-06
64 - 14 | 3.22484e-07
64 - 15 | 8.93461e-05
64 - 16 | 6.77744e-05
64 - 17 | 0.000212477
64 - 18 | 0.000195645
64 - 19 | 8.5951e-05
64 - 20 | 6.08585e-05
64 - 21 | 4.81346e-07
64 - 22 | 8.43006e-05
64 - 23 | 0.000129497
64 - 24 | 0.000182024
64 - 25 | 0.000133696
64 - 26 | 0.000113021
64 - 27 | 9.73961e-05
64 - 28 | 3.06595e-05
64 - 29 | 1.02177e-06
64 - 30 | 5.16637e-05
64 - 31 | 9.27286e-05
64 - 32 | -1.25374e-07
64 - 33 | 0.00020136
64 - 34 | 0.000143916
64 - 35 | 6.81025e-05
64 - 36 | 6.75935e-05
64 - 37 | 2.63777e-05
64 - 38 | 3.59977e-07
64 - 39 | 3.00849e-05
64 - 40 | 0.000199257
64 - 41 | 0.000119177
64 - 42 | 7.7583e-05
64 - 43 | 7.48705e-05
64 - 44 | 6.85956e-05
64 - 45 | 3.53886e-05
64 - 46 | 5.92885e-07
64 - 47 | 4.7918e-05
64 - 48 | 0.000123358
64 - 49 | 8.91678e-05
64 - 50 | 0.000131983
64 - 51 | 6.38059e-05
64 - 52 | 7.71649e-05
64 - 53 | 1.98182e-05
64 - 54 | 9.20184e-05
64 - 55 | 8.51235e-05
64 - 56 | 3.94169e-05
64 - 57 | 2.53631e-06
64 - 58 | 9.23675e-05
64 - 59 | 8.06638e-05
64 - 60 | 6.42336e-05
64 - 61 | 3.56982e-05
64 - 62 | 2.22863e-05
64 - 63 | -5.43554e-06
64 - 64 | 0.000165534
64 - 65 | 2.89773e-05
64 - 66 | 6.80017e-06
65 - 0 | 1.41261e-05
65 - 1 | 7.1565e-06
65 - 2 | 3.69549e-08
65 - 3 | 6.42156e-05
65 - 4 | 0.000274243
65 - 5 | 6.44332e-05
65 - 6 | 2.94435e-05
65 - 7 | 5.47428e-08
65 - 8 | 6.85469e-05
65 - 9 | 9.28405e-05
65 - 10 | 0.000144443
65 - 11 | 5.73734e-05
65 - 12 | 6.46044e-05
65 - 13 | 1.1966e-05
65 - 14 | 1.17269e-07
65 - 15 | 6.8614e-05
65 - 16 | 0.000134218
65 - 17 | 0.000107878
65 - 18 | 7.03173e-05
65 - 19 | 7.36276e-05
65 - 20 | 2.42275e-05
65 - 21 | 4.08905e-07
65 - 22 | 8.46449e-05
65 - 23 | 6.50315e-05
65 - 24 | 0.000108559
65 - 25 | 0.000124517
65 - 26 | 2.86125e-05
65 - 27 | 9.99939e-05
65 - 28 | 8.9733e-06
65 - 29 | 6.04221e-07
65 - 30 | 4.61004e-05
65 - 31 | 0.000103758
65 - 32 | 7.49839e-06
65 - 33 | 8.67859e-05
65 - 34 | 9.62531e-05
65 - 35 | 2.22043e-05
65 - 36 | 5.48092e-05
65 - 37 | 6.60929e-06
65 - 38 | 3.27135e-07
65 - 39 | 4.04182e-05
65 - 40 | 0.000145179
65 - 41 | 9.75551e-05
65 - 42 | 2.01237e-05
65 - 43 | 0.000110809
65 - 44 | 3.3241e-05
65 - 45 | 2.13312e-05
65 - 46 | 1.15361e-06
65 - 47 | 5.73322e-05
65 - 48 | 0.000105468
65 - 49 | 9.67471e-05
65 - 50 | 5.64223e-05
65 - 51 | 7.75034e-05
65 - 52 | 4.47738e-05
65 - 53 | 2.71211e-05
65 - 54 | 4.95937e-05
65 - 55 | 5.92544e-05
65 - 56 | 3.7861e-05
65 - 57 | 2.29984e-06
65 - 58 | 7.36207e-05
65 - 59 | 6.72532e-05
65 - 60 | 5.5361e-05
65 - 61 | 4.84345e-05
65 - 62 | 8.81732e-06
65 - 63 | 2.49623e-05
65 - 64 | 2.89773e-05
65 - 65 | 0.000119032
65 - 66 | 3.29209e-06
66 - 0 | -5.48655e-06
66 - 1 | 8.34382e-07
66 - 2 | 1.86156e-08
66 - 3 | 5.32597e-06
66 - 4 | 3.91985e-05
66 - 5 | 1.14506e-05
66 - 6 | 3.46734e-06
66 - 7 | 7.01766e-09
66 - 8 | 8.84291e-06
66 - 9 | 1.66144e-06
66 - 10 | 2.442e-05
66 - 11 | 4.64333e-06
66 - 12 | 8.08846e-06
66 - 13 | 8.79796e-07
66 - 14 | 1.84036e-08
66 - 15 | 9.95079e-06
66 - 16 | 4.72148e-06
66 - 17 | 2.06427e-05
66 - 18 | 1.13718e-05
66 - 19 | 6.67222e-06
66 - 20 | 4.01337e-06
66 - 21 | 4.59603e-08
66 - 22 | 1.00074e-05
66 - 23 | 4.24108e-06
66 - 24 | 1.95276e-05
66 - 25 | 9.9177e-06
66 - 26 | 7.20091e-06
66 - 27 | 7.36586e-06
66 - 28 | 2.8461e-06
66 - 29 | 8.47563e-08
66 - 30 | 6.6438e-06
66 - 31 | 7.29909e-06
66 - 32 | -4.18396e-06
66 - 33 | 1.48264e-05
66 - 34 | 1.33463e-05
66 - 35 | 1.86902e-06
66 - 36 | 6.26019e-06
66 - 37 | 8.57578e-07
66 - 38 | 2.93422e-08
66 - 39 | 9.1104e-07
66 - 40 | 1.84179e-05
66 - 41 | 1.0601e-05
66 - 42 | 5.14055e-06
66 - 43 | 8.67474e-06
66 - 44 | 5.2701e-06
66 - 45 | 2.86293e-06
66 - 46 | 5.42855e-08
66 - 47 | 3.60566e-06
66 - 48 | 1.35377e-05
66 - 49 | 8.21469e-06
66 - 50 | 7.00712e-06
66 - 51 | 6.85466e-06
66 - 52 | 5.71489e-06
66 - 53 | 1.51306e-06
66 - 54 | 5.82186e-06
66 - 55 | 6.99884e-06
66 - 56 | 2.94826e-06
66 - 57 | 3.11021e-07
66 - 58 | 9.96897e-06
66 - 59 | 8.07072e-06
66 - 60 | 5.52967e-06
66 - 61 | 4.13659e-06
66 - 62 | 1.37159e-06
66 - 63 | -6.71766e-08
66 - 64 | 6.80017e-06
66 - 65 | 3.29209e-06
66 - 66 | 9.25656e-07
