Units: cross-section (10^-38 cm2/(nucleon x GeV))

row (bin i) - column (bin j) | sigma_i x sigma_j x rho_ij 
0 - 0 | 0.000477823
0 - 1 | 0.000389054
0 - 2 | 5.08541e-07
0 - 3 | 0.000390008
0 - 4 | 0.00135536
0 - 5 | 0.00103247
0 - 6 | 0.000438008
0 - 7 | 6.89782e-07
0 - 8 | 0.000334273
0 - 9 | 0.00119447
0 - 10 | 0.00133714
0 - 11 | 0.00175071
0 - 12 | 0.00121018
0 - 13 | 0.00013378
0 - 14 | 8.90794e-07
0 - 15 | 0.000194983
0 - 16 | 0.000917956
0 - 17 | 0.00154276
0 - 18 | 0.00171288
0 - 19 | 0.00145026
0 - 20 | 0.000477999
0 - 21 | 4.10502e-06
0 - 22 | 0.000244558
0 - 23 | 0.000925952
0 - 24 | 0.00142334
0 - 25 | 0.00173835
0 - 26 | 0.00113239
0 - 27 | 0.000894327
0 - 28 | 0.000618423
0 - 29 | 3.19181e-06
0 - 30 | 9.72176e-05
0 - 31 | 0.000717926
0 - 32 | 0.00139136
0 - 33 | 0.00161635
0 - 34 | 0.0019249
0 - 35 | 0.000870964
0 - 36 | 0.000540508
0 - 37 | 0.000327113
0 - 38 | 9.46904e-07
0 - 39 | 0.000221835
0 - 40 | 0.00122029
0 - 41 | 0.00153737
0 - 42 | 0.000887974
0 - 43 | 0.00109424
0 - 44 | 0.000658193
0 - 45 | 0.00021199
0 - 46 | 2.85102e-06
0 - 47 | 0.000181829
0 - 48 | 0.000677223
0 - 49 | 0.00115678
0 - 50 | 0.00152471
0 - 51 | 0.000971871
0 - 52 | 0.00103695
0 - 53 | 0.000729891
0 - 54 | 0.000484389
0 - 55 | 0.000581779
0 - 56 | 0.000216313
0 - 57 | 7.35946e-06
0 - 58 | 0.000244317
0 - 59 | 0.000422556
0 - 60 | 0.000633987
0 - 61 | 0.000564951
0 - 62 | 0.000220668
0 - 63 | 0.000448664
0 - 64 | 0.000529803
0 - 65 | 0.000525813
0 - 66 | 2.3986e-05
1 - 0 | 0.000389054
1 - 1 | 0.000316777
1 - 2 | 4.14066e-07
1 - 3 | 0.000317554
1 - 4 | 0.00110357
1 - 5 | 0.000840659
1 - 6 | 0.000356636
1 - 7 | 5.61636e-07
1 - 8 | 0.000272173
1 - 9 | 0.000972569
1 - 10 | 0.00108873
1 - 11 | 0.00142547
1 - 12 | 0.000985356
1 - 13 | 0.000108927
1 - 14 | 7.25305e-07
1 - 15 | 0.00015876
1 - 16 | 0.000747422
1 - 17 | 0.00125615
1 - 18 | 0.00139467
1 - 19 | 0.00118084
1 - 20 | 0.000389198
1 - 21 | 3.3424e-06
1 - 22 | 0.000199125
1 - 23 | 0.000753932
1 - 24 | 0.00115892
1 - 25 | 0.00141541
1 - 26 | 0.000922022
1 - 27 | 0.000728182
1 - 28 | 0.000503535
1 - 29 | 2.59884e-06
1 - 30 | 7.91568e-05
1 - 31 | 0.000584552
1 - 32 | 0.00113288
1 - 33 | 0.00131607
1 - 34 | 0.0015673
1 - 35 | 0.000709159
1 - 36 | 0.000440094
1 - 37 | 0.000266343
1 - 38 | 7.70991e-07
1 - 39 | 0.000180623
1 - 40 | 0.000993588
1 - 41 | 0.00125176
1 - 42 | 0.000723009
1 - 43 | 0.000890958
1 - 44 | 0.000535916
1 - 45 | 0.000172607
1 - 46 | 2.32137e-06
1 - 47 | 0.00014805
1 - 48 | 0.000551411
1 - 49 | 0.000941877
1 - 50 | 0.00124145
1 - 51 | 0.00079132
1 - 52 | 0.000844305
1 - 53 | 0.000594294
1 - 54 | 0.000394401
1 - 55 | 0.000473698
1 - 56 | 0.000176127
1 - 57 | 5.99224e-06
1 - 58 | 0.000198929
1 - 59 | 0.000344055
1 - 60 | 0.000516207
1 - 61 | 0.000459996
1 - 62 | 0.000179673
1 - 63 | 0.000365312
1 - 64 | 0.000431378
1 - 65 | 0.000428129
1 - 66 | 1.95299e-05
2 - 0 | 5.08541e-07
2 - 1 | 4.14066e-07
2 - 2 | 5.41235e-10
2 - 3 | 4.15081e-07
2 - 4 | 1.4425e-06
2 - 5 | 1.09884e-06
2 - 6 | 4.66167e-07
2 - 7 | 7.34127e-10
2 - 8 | 3.55763e-07
2 - 9 | 1.27127e-06
2 - 10 | 1.42311e-06
2 - 11 | 1.86326e-06
2 - 12 | 1.28798e-06
2 - 13 | 1.4238e-07
2 - 14 | 9.48062e-10
2 - 15 | 2.07518e-07
2 - 16 | 9.76971e-07
2 - 17 | 1.64194e-06
2 - 18 | 1.823e-06
2 - 19 | 1.5435e-06
2 - 20 | 5.08729e-07
2 - 21 | 4.36892e-09
2 - 22 | 2.6028e-07
2 - 23 | 9.8548e-07
2 - 24 | 1.51485e-06
2 - 25 | 1.85011e-06
2 - 26 | 1.20519e-06
2 - 27 | 9.51823e-07
2 - 28 | 6.58181e-07
2 - 29 | 3.397e-09
2 - 30 | 1.03468e-07
2 - 31 | 7.64081e-07
2 - 32 | 1.48081e-06
2 - 33 | 1.72026e-06
2 - 34 | 2.04865e-06
2 - 35 | 9.26957e-07
2 - 36 | 5.75257e-07
2 - 37 | 3.48142e-07
2 - 38 | 1.00778e-09
2 - 39 | 2.36097e-07
2 - 40 | 1.29874e-06
2 - 41 | 1.63621e-06
2 - 42 | 9.4506e-07
2 - 43 | 1.16459e-06
2 - 44 | 7.00507e-07
2 - 45 | 2.25618e-07
2 - 46 | 3.03431e-09
2 - 47 | 1.93519e-07
2 - 48 | 7.2076e-07
2 - 49 | 1.23115e-06
2 - 50 | 1.62273e-06
2 - 51 | 1.03435e-06
2 - 52 | 1.10361e-06
2 - 53 | 7.76815e-07
2 - 54 | 5.15529e-07
2 - 55 | 6.19181e-07
2 - 56 | 2.30219e-07
2 - 57 | 7.83259e-09
2 - 58 | 2.60024e-07
2 - 59 | 4.49721e-07
2 - 60 | 6.74745e-07
2 - 61 | 6.01271e-07
2 - 62 | 2.34854e-07
2 - 63 | 4.77508e-07
2 - 64 | 5.63864e-07
2 - 65 | 5.59616e-07
2 - 66 | 2.5528e-08
3 - 0 | 0.000390008
3 - 1 | 0.000317554
3 - 2 | 4.15081e-07
3 - 3 | 0.000318332
3 - 4 | 0.00110627
3 - 5 | 0.00084272
3 - 6 | 0.000357511
3 - 7 | 5.63013e-07
3 - 8 | 0.00027284
3 - 9 | 0.000974953
3 - 10 | 0.0010914
3 - 11 | 0.00142897
3 - 12 | 0.000987772
3 - 13 | 0.000109194
3 - 14 | 7.27084e-07
3 - 15 | 0.000159149
3 - 16 | 0.000749254
3 - 17 | 0.00125923
3 - 18 | 0.00139809
3 - 19 | 0.00118373
3 - 20 | 0.000390152
3 - 21 | 3.3506e-06
3 - 22 | 0.000199613
3 - 23 | 0.00075578
3 - 24 | 0.00116176
3 - 25 | 0.00141888
3 - 26 | 0.000924283
3 - 27 | 0.000729968
3 - 28 | 0.000504769
3 - 29 | 2.60522e-06
3 - 30 | 7.93509e-05
3 - 31 | 0.000585985
3 - 32 | 0.00113566
3 - 33 | 0.0013193
3 - 34 | 0.00157114
3 - 35 | 0.000710898
3 - 36 | 0.000441173
3 - 37 | 0.000266996
3 - 38 | 7.72882e-07
3 - 39 | 0.000181066
3 - 40 | 0.000996024
3 - 41 | 0.00125483
3 - 42 | 0.000724782
3 - 43 | 0.000893143
3 - 44 | 0.00053723
3 - 45 | 0.00017303
3 - 46 | 2.32706e-06
3 - 47 | 0.000148413
3 - 48 | 0.000552762
3 - 49 | 0.000944187
3 - 50 | 0.00124449
3 - 51 | 0.00079326
3 - 52 | 0.000846375
3 - 53 | 0.000595751
3 - 54 | 0.000395368
3 - 55 | 0.00047486
3 - 56 | 0.000176559
3 - 57 | 6.00693e-06
3 - 58 | 0.000199416
3 - 59 | 0.000344898
3 - 60 | 0.000517473
3 - 61 | 0.000461124
3 - 62 | 0.000180113
3 - 63 | 0.000366208
3 - 64 | 0.000432436
3 - 65 | 0.000429179
3 - 66 | 1.95778e-05
4 - 0 | 0.00135536
4 - 1 | 0.00110357
4 - 2 | 1.4425e-06
4 - 3 | 0.00110627
4 - 4 | 0.00384453
4 - 5 | 0.00292863
4 - 6 | 0.00124243
4 - 7 | 1.95659e-06
4 - 8 | 0.000948177
4 - 9 | 0.00338817
4 - 10 | 0.00379286
4 - 11 | 0.00496596
4 - 12 | 0.00343272
4 - 13 | 0.000379471
4 - 14 | 2.52677e-06
4 - 15 | 0.000553077
4 - 16 | 0.00260382
4 - 17 | 0.00437609
4 - 18 | 0.00485866
4 - 19 | 0.00411372
4 - 20 | 0.00135586
4 - 21 | 1.1644e-05
4 - 22 | 0.000693697
4 - 23 | 0.0026265
4 - 24 | 0.00403736
4 - 25 | 0.0049309
4 - 26 | 0.00321208
4 - 27 | 0.00253679
4 - 28 | 0.00175418
4 - 29 | 9.05368e-06
4 - 30 | 0.000275761
4 - 31 | 0.00203642
4 - 32 | 0.00394666
4 - 33 | 0.00458484
4 - 34 | 0.00546006
4 - 35 | 0.00247052
4 - 36 | 0.00153317
4 - 37 | 0.000927868
4 - 38 | 2.68593e-06
4 - 39 | 0.000629244
4 - 40 | 0.0034614
4 - 41 | 0.00436082
4 - 42 | 0.00251877
4 - 43 | 0.00310386
4 - 44 | 0.00186699
4 - 45 | 0.000601317
4 - 46 | 8.08703e-06
4 - 47 | 0.000515766
4 - 48 | 0.00192097
4 - 49 | 0.00328125
4 - 50 | 0.00432488
4 - 51 | 0.00275675
4 - 52 | 0.00294133
4 - 53 | 0.00207036
4 - 54 | 0.00137399
4 - 55 | 0.00165024
4 - 56 | 0.000613579
4 - 57 | 2.08754e-05
4 - 58 | 0.000693014
4 - 59 | 0.0011986
4 - 60 | 0.00179833
4 - 61 | 0.0016025
4 - 62 | 0.000625933
4 - 63 | 0.00127265
4 - 64 | 0.00150281
4 - 65 | 0.00149149
4 - 66 | 6.80371e-05
5 - 0 | 0.00103247
5 - 1 | 0.000840659
5 - 2 | 1.09884e-06
5 - 3 | 0.00084272
5 - 4 | 0.00292863
5 - 5 | 0.00223093
5 - 6 | 0.000946437
5 - 7 | 1.49046e-06
5 - 8 | 0.000722288
5 - 9 | 0.00258099
5 - 10 | 0.00288927
5 - 11 | 0.0037829
5 - 12 | 0.00261493
5 - 13 | 0.000289068
5 - 14 | 1.92481e-06
5 - 15 | 0.000421314
5 - 16 | 0.0019835
5 - 17 | 0.00333355
5 - 18 | 0.00370116
5 - 19 | 0.00313369
5 - 20 | 0.00103285
5 - 21 | 8.87002e-06
5 - 22 | 0.000528434
5 - 23 | 0.00200077
5 - 24 | 0.00307552
5 - 25 | 0.00375619
5 - 26 | 0.00244685
5 - 27 | 0.00193244
5 - 28 | 0.00133627
5 - 29 | 6.89678e-06
5 - 30 | 0.000210065
5 - 31 | 0.00155128
5 - 32 | 0.00300642
5 - 33 | 0.00349257
5 - 34 | 0.00415928
5 - 35 | 0.00188196
5 - 36 | 0.00116792
5 - 37 | 0.000706817
5 - 38 | 2.04605e-06
5 - 39 | 0.000479336
5 - 40 | 0.00263677
5 - 41 | 0.00332192
5 - 42 | 0.00191871
5 - 43 | 0.00236441
5 - 44 | 0.00142221
5 - 45 | 0.000458063
5 - 46 | 6.16042e-06
5 - 47 | 0.000392892
5 - 48 | 0.00146333
5 - 49 | 0.00249954
5 - 50 | 0.00329455
5 - 51 | 0.00209999
5 - 52 | 0.00224061
5 - 53 | 0.00157713
5 - 54 | 0.00104666
5 - 55 | 0.00125709
5 - 56 | 0.000467403
5 - 57 | 1.59021e-05
5 - 58 | 0.000527914
5 - 59 | 0.000913048
5 - 60 | 0.0013699
5 - 61 | 0.00122073
5 - 62 | 0.000476814
5 - 63 | 0.000969461
5 - 64 | 0.00114479
5 - 65 | 0.00113616
5 - 66 | 5.18283e-05
6 - 0 | 0.000438008
6 - 1 | 0.000356636
6 - 2 | 4.66167e-07
6 - 3 | 0.000357511
6 - 4 | 0.00124243
6 - 5 | 0.000946437
6 - 6 | 0.000401511
6 - 7 | 6.32306e-07
6 - 8 | 0.000306419
6 - 9 | 0.00109494
6 - 10 | 0.00122573
6 - 11 | 0.00160483
6 - 12 | 0.00110934
6 - 13 | 0.000122633
6 - 14 | 8.16569e-07
6 - 15 | 0.000178736
6 - 16 | 0.000841468
6 - 17 | 0.00141421
6 - 18 | 0.00157016
6 - 19 | 0.00132942
6 - 20 | 0.00043817
6 - 21 | 3.76297e-06
6 - 22 | 0.00022418
6 - 23 | 0.000848797
6 - 24 | 0.00130474
6 - 25 | 0.0015935
6 - 26 | 0.00103804
6 - 27 | 0.000819808
6 - 28 | 0.000566893
6 - 29 | 2.92585e-06
6 - 30 | 8.9117e-05
6 - 31 | 0.000658105
6 - 32 | 0.00127543
6 - 33 | 0.00148167
6 - 34 | 0.00176451
6 - 35 | 0.000798391
6 - 36 | 0.00049547
6 - 37 | 0.000299856
6 - 38 | 8.68003e-07
6 - 39 | 0.000203351
6 - 40 | 0.00111861
6 - 41 | 0.00140927
6 - 42 | 0.000813983
6 - 43 | 0.00100307
6 - 44 | 0.000603349
6 - 45 | 0.000194326
6 - 46 | 2.61346e-06
6 - 47 | 0.000166678
6 - 48 | 0.000620793
6 - 49 | 0.00106039
6 - 50 | 0.00139766
6 - 51 | 0.00089089
6 - 52 | 0.000950542
6 - 53 | 0.000669073
6 - 54 | 0.000444027
6 - 55 | 0.000533303
6 - 56 | 0.000198288
6 - 57 | 6.74623e-06
6 - 58 | 0.000223959
6 - 59 | 0.000387346
6 - 60 | 0.00058116
6 - 61 | 0.000517876
6 - 62 | 0.000202281
6 - 63 | 0.000411279
6 - 64 | 0.000485658
6 - 65 | 0.000481999
6 - 66 | 2.19873e-05
7 - 0 | 6.89782e-07
7 - 1 | 5.61636e-07
7 - 2 | 7.34127e-10
7 - 3 | 5.63013e-07
7 - 4 | 1.95659e-06
7 - 5 | 1.49046e-06
7 - 6 | 6.32306e-07
7 - 7 | 9.95764e-10
7 - 8 | 4.82554e-07
7 - 9 | 1.72433e-06
7 - 10 | 1.93029e-06
7 - 11 | 2.52732e-06
7 - 12 | 1.74701e-06
7 - 13 | 1.93124e-07
7 - 14 | 1.28594e-09
7 - 15 | 2.81476e-07
7 - 16 | 1.32516e-06
7 - 17 | 2.22712e-06
7 - 18 | 2.47271e-06
7 - 19 | 2.09359e-06
7 - 20 | 6.90037e-07
7 - 21 | 5.92597e-09
7 - 22 | 3.53042e-07
7 - 23 | 1.3367e-06
7 - 24 | 2.05473e-06
7 - 25 | 2.50947e-06
7 - 26 | 1.63472e-06
7 - 27 | 1.29105e-06
7 - 28 | 8.92752e-07
7 - 29 | 4.60767e-09
7 - 30 | 1.40343e-07
7 - 31 | 1.03639e-06
7 - 32 | 2.00856e-06
7 - 33 | 2.33335e-06
7 - 34 | 2.77878e-06
7 - 35 | 1.25732e-06
7 - 36 | 7.80274e-07
7 - 37 | 4.72218e-07
7 - 38 | 1.36694e-09
7 - 39 | 3.2024e-07
7 - 40 | 1.7616e-06
7 - 41 | 2.21934e-06
7 - 42 | 1.28187e-06
7 - 43 | 1.57964e-06
7 - 44 | 9.50162e-07
7 - 45 | 3.06027e-07
7 - 46 | 4.11572e-09
7 - 47 | 2.62488e-07
7 - 48 | 9.77634e-07
7 - 49 | 1.66992e-06
7 - 50 | 2.20106e-06
7 - 51 | 1.40299e-06
7 - 52 | 1.49693e-06
7 - 53 | 1.05367e-06
7 - 54 | 6.9926e-07
7 - 55 | 8.39853e-07
7 - 56 | 3.12268e-07
7 - 57 | 1.06241e-08
7 - 58 | 3.52694e-07
7 - 59 | 6.09999e-07
7 - 60 | 9.15219e-07
7 - 61 | 8.15559e-07
7 - 62 | 3.18555e-07
7 - 63 | 6.47688e-07
7 - 64 | 7.64821e-07
7 - 65 | 7.5906e-07
7 - 66 | 3.4626e-08
8 - 0 | 0.000334273
8 - 1 | 0.000272173
8 - 2 | 3.55763e-07
8 - 3 | 0.00027284
8 - 4 | 0.000948177
8 - 5 | 0.000722288
8 - 6 | 0.000306419
8 - 7 | 4.82554e-07
8 - 8 | 0.000233849
8 - 9 | 0.000835624
8 - 10 | 0.000935432
8 - 11 | 0.00122475
8 - 12 | 0.000846611
8 - 13 | 9.35889e-05
8 - 14 | 6.23177e-07
8 - 15 | 0.000136405
8 - 16 | 0.000642179
8 - 17 | 0.00107927
8 - 18 | 0.00119829
8 - 19 | 0.00101457
8 - 20 | 0.000334396
8 - 21 | 2.87177e-06
8 - 22 | 0.000171086
8 - 23 | 0.000647773
8 - 24 | 0.000995735
8 - 25 | 0.00121611
8 - 26 | 0.000792194
8 - 27 | 0.000625649
8 - 28 | 0.000432633
8 - 29 | 2.23291e-06
8 - 30 | 6.8011e-05
8 - 31 | 0.000502243
8 - 32 | 0.000973363
8 - 33 | 0.00113076
8 - 34 | 0.00134661
8 - 35 | 0.000609305
8 - 36 | 0.000378126
8 - 37 | 0.00022884
8 - 38 | 6.6243e-07
8 - 39 | 0.00015519
8 - 40 | 0.000853684
8 - 41 | 0.00107551
8 - 42 | 0.000621204
8 - 43 | 0.000765505
8 - 44 | 0.000460455
8 - 45 | 0.000148303
8 - 46 | 1.9945e-06
8 - 47 | 0.000127203
8 - 48 | 0.000473768
8 - 49 | 0.000809254
8 - 50 | 0.00106665
8 - 51 | 0.000679896
8 - 52 | 0.000725421
8 - 53 | 0.000510613
8 - 54 | 0.000338866
8 - 55 | 0.000406998
8 - 56 | 0.000151327
8 - 57 | 5.14849e-06
8 - 58 | 0.000170918
8 - 59 | 0.000295609
8 - 60 | 0.000443521
8 - 61 | 0.000395225
8 - 62 | 0.000154374
8 - 63 | 0.000313874
8 - 64 | 0.000370637
8 - 65 | 0.000367845
8 - 66 | 1.678e-05
9 - 0 | 0.00119447
9 - 1 | 0.000972569
9 - 2 | 1.27127e-06
9 - 3 | 0.000974953
9 - 4 | 0.00338817
9 - 5 | 0.00258099
9 - 6 | 0.00109494
9 - 7 | 1.72433e-06
9 - 8 | 0.000835624
9 - 9 | 0.00298598
9 - 10 | 0.00334263
9 - 11 | 0.00437648
9 - 12 | 0.00302524
9 - 13 | 0.000334426
9 - 14 | 2.22683e-06
9 - 15 | 0.000487424
9 - 16 | 0.00229473
9 - 17 | 0.00385663
9 - 18 | 0.00428191
9 - 19 | 0.00362541
9 - 20 | 0.00119492
9 - 21 | 1.02618e-05
9 - 22 | 0.000611352
9 - 23 | 0.00231472
9 - 24 | 0.00355811
9 - 25 | 0.00434558
9 - 26 | 0.00283079
9 - 27 | 0.00223566
9 - 28 | 0.00154595
9 - 29 | 7.97897e-06
9 - 30 | 0.000243027
9 - 31 | 0.00179469
9 - 32 | 0.00347817
9 - 33 | 0.00404059
9 - 34 | 0.00481193
9 - 35 | 0.00217726
9 - 36 | 0.00135118
9 - 37 | 0.000817725
9 - 38 | 2.3671e-06
9 - 39 | 0.00055455
9 - 40 | 0.00305051
9 - 41 | 0.00384317
9 - 42 | 0.00221978
9 - 43 | 0.00273542
9 - 44 | 0.00164537
9 - 45 | 0.000529938
9 - 46 | 7.12706e-06
9 - 47 | 0.000454542
9 - 48 | 0.00169294
9 - 49 | 0.00289175
9 - 50 | 0.0038115
9 - 51 | 0.00242951
9 - 52 | 0.00259218
9 - 53 | 0.0018246
9 - 54 | 0.00121089
9 - 55 | 0.00145435
9 - 56 | 0.000540744
9 - 57 | 1.83974e-05
9 - 58 | 0.00061075
9 - 59 | 0.00105632
9 - 60 | 0.00158486
9 - 61 | 0.00141228
9 - 62 | 0.000551632
9 - 63 | 0.00112158
9 - 64 | 0.00132442
9 - 65 | 0.00131444
9 - 66 | 5.99608e-05
10 - 0 | 0.00133714
10 - 1 | 0.00108873
10 - 2 | 1.42311e-06
10 - 3 | 0.0010914
10 - 4 | 0.00379286
10 - 5 | 0.00288927
10 - 6 | 0.00122573
10 - 7 | 1.93029e-06
10 - 8 | 0.000935432
10 - 9 | 0.00334263
10 - 10 | 0.00374187
10 - 11 | 0.00489921
10 - 12 | 0.00338658
10 - 13 | 0.000374371
10 - 14 | 2.49281e-06
10 - 15 | 0.000545642
10 - 16 | 0.00256882
10 - 17 | 0.00431727
10 - 18 | 0.00479335
10 - 19 | 0.00405843
10 - 20 | 0.00133764
10 - 21 | 1.14875e-05
10 - 22 | 0.000684372
10 - 23 | 0.00259119
10 - 24 | 0.0039831
10 - 25 | 0.00486462
10 - 26 | 0.0031689
10 - 27 | 0.00250269
10 - 28 | 0.0017306
10 - 29 | 8.93198e-06
10 - 30 | 0.000272055
10 - 31 | 0.00200905
10 - 32 | 0.00389361
10 - 33 | 0.00452321
10 - 34 | 0.00538667
10 - 35 | 0.00243731
10 - 36 | 0.00151256
10 - 37 | 0.000915395
10 - 38 | 2.64982e-06
10 - 39 | 0.000620786
10 - 40 | 0.00341487
10 - 41 | 0.0043022
10 - 42 | 0.00248491
10 - 43 | 0.00306214
10 - 44 | 0.00184189
10 - 45 | 0.000593235
10 - 46 | 7.97833e-06
10 - 47 | 0.000508833
10 - 48 | 0.00189515
10 - 49 | 0.00323714
10 - 50 | 0.00426675
10 - 51 | 0.00271969
10 - 52 | 0.0029018
10 - 53 | 0.00204253
10 - 54 | 0.00135552
10 - 55 | 0.00162806
10 - 56 | 0.000605331
10 - 57 | 2.05948e-05
10 - 58 | 0.000683699
10 - 59 | 0.00118248
10 - 60 | 0.00177416
10 - 61 | 0.00158096
10 - 62 | 0.000617519
10 - 63 | 0.00125554
10 - 64 | 0.00148261
10 - 65 | 0.00147144
10 - 66 | 6.71226e-05
11 - 0 | 0.00175071
11 - 1 | 0.00142547
11 - 2 | 1.86326e-06
11 - 3 | 0.00142897
11 - 4 | 0.00496596
11 - 5 | 0.0037829
11 - 6 | 0.00160483
11 - 7 | 2.52732e-06
11 - 8 | 0.00122475
11 - 9 | 0.00437648
11 - 10 | 0.00489921
11 - 11 | 0.0064145
11 - 12 | 0.00443402
11 - 13 | 0.000490161
11 - 14 | 3.26381e-06
11 - 15 | 0.000714406
11 - 16 | 0.00336334
11 - 17 | 0.00565257
11 - 18 | 0.0062759
11 - 19 | 0.00531367
11 - 20 | 0.00175136
11 - 21 | 1.50405e-05
11 - 22 | 0.000896044
11 - 23 | 0.00339263
11 - 24 | 0.00521504
11 - 25 | 0.00636921
11 - 26 | 0.00414902
11 - 27 | 0.00327676
11 - 28 | 0.00226587
11 - 29 | 1.16946e-05
11 - 30 | 0.000356199
11 - 31 | 0.00263044
11 - 32 | 0.00509787
11 - 33 | 0.0059222
11 - 34 | 0.00705273
11 - 35 | 0.00319116
11 - 36 | 0.00198039
11 - 37 | 0.00119852
11 - 38 | 3.4694e-06
11 - 39 | 0.000812791
11 - 40 | 0.00447107
11 - 41 | 0.00563284
11 - 42 | 0.00325348
11 - 43 | 0.00400924
11 - 44 | 0.00241158
11 - 45 | 0.000776718
11 - 46 | 1.0446e-05
11 - 47 | 0.000666212
11 - 48 | 0.0024813
11 - 49 | 0.00423837
11 - 50 | 0.00558643
11 - 51 | 0.00356087
11 - 52 | 0.0037993
11 - 53 | 0.00267428
11 - 54 | 0.00177477
11 - 55 | 0.0021316
11 - 56 | 0.000792556
11 - 57 | 2.69646e-05
11 - 58 | 0.000895162
11 - 59 | 0.00154822
11 - 60 | 0.00232289
11 - 61 | 0.00206994
11 - 62 | 0.000808514
11 - 63 | 0.00164388
11 - 64 | 0.00194117
11 - 65 | 0.00192654
11 - 66 | 8.78831e-05
12 - 0 | 0.00121018
12 - 1 | 0.000985356
12 - 2 | 1.28798e-06
12 - 3 | 0.000987772
12 - 4 | 0.00343272
12 - 5 | 0.00261493
12 - 6 | 0.00110934
12 - 7 | 1.74701e-06
12 - 8 | 0.000846611
12 - 9 | 0.00302524
12 - 10 | 0.00338658
12 - 11 | 0.00443402
12 - 12 | 0.00306502
12 - 13 | 0.000338824
12 - 14 | 2.25611e-06
12 - 15 | 0.000493833
12 - 16 | 0.00232491
12 - 17 | 0.00390734
12 - 18 | 0.00433821
12 - 19 | 0.00367307
12 - 20 | 0.00121063
12 - 21 | 1.03968e-05
12 - 22 | 0.00061939
12 - 23 | 0.00234516
12 - 24 | 0.0036049
12 - 25 | 0.00440272
12 - 26 | 0.00286801
12 - 27 | 0.00226506
12 - 28 | 0.00156628
12 - 29 | 8.08388e-06
12 - 30 | 0.000246223
12 - 31 | 0.00181829
12 - 32 | 0.0035239
12 - 33 | 0.00409372
12 - 34 | 0.0048752
12 - 35 | 0.00220589
12 - 36 | 0.00136894
12 - 37 | 0.000828477
12 - 38 | 2.39822e-06
12 - 39 | 0.000561841
12 - 40 | 0.00309062
12 - 41 | 0.0038937
12 - 42 | 0.00224897
12 - 43 | 0.00277139
12 - 44 | 0.001667
12 - 45 | 0.000536906
12 - 46 | 7.22077e-06
12 - 47 | 0.000460519
12 - 48 | 0.0017152
12 - 49 | 0.00292977
12 - 50 | 0.00386162
12 - 51 | 0.00246145
12 - 52 | 0.00262627
12 - 53 | 0.00184859
12 - 54 | 0.00122681
12 - 55 | 0.00147347
12 - 56 | 0.000547854
12 - 57 | 1.86393e-05
12 - 58 | 0.000618781
12 - 59 | 0.00107021
12 - 60 | 0.0016057
12 - 61 | 0.00143085
12 - 62 | 0.000558885
12 - 63 | 0.00113633
12 - 64 | 0.00134183
12 - 65 | 0.00133172
12 - 66 | 6.07492e-05
13 - 0 | 0.00013378
13 - 1 | 0.000108927
13 - 2 | 1.4238e-07
13 - 3 | 0.000109194
13 - 4 | 0.000379471
13 - 5 | 0.000289068
13 - 6 | 0.000122633
13 - 7 | 1.93124e-07
13 - 8 | 9.35889e-05
13 - 9 | 0.000334426
13 - 10 | 0.000374371
13 - 11 | 0.000490161
13 - 12 | 0.000338824
13 - 13 | 3.74554e-05
13 - 14 | 2.49403e-07
13 - 15 | 5.45909e-05
13 - 16 | 0.000257007
13 - 17 | 0.000431938
13 - 18 | 0.000479569
13 - 19 | 0.000406041
13 - 20 | 0.000133829
13 - 21 | 1.14931e-06
13 - 22 | 6.84707e-05
13 - 23 | 0.000259246
13 - 24 | 0.000398504
13 - 25 | 0.0004867
13 - 26 | 0.000317045
13 - 27 | 0.000250392
13 - 28 | 0.000173145
13 - 29 | 8.93635e-07
13 - 30 | 2.72188e-05
13 - 31 | 0.000201003
13 - 32 | 0.000389551
13 - 33 | 0.000452542
13 - 34 | 0.00053893
13 - 35 | 0.000243851
13 - 36 | 0.00015133
13 - 37 | 9.15843e-05
13 - 38 | 2.65112e-07
13 - 39 | 6.21089e-05
13 - 40 | 0.000341654
13 - 41 | 0.00043043
13 - 42 | 0.000248613
13 - 43 | 0.000306364
13 - 44 | 0.000184279
13 - 45 | 5.93525e-05
13 - 46 | 7.98223e-07
13 - 47 | 5.09082e-05
13 - 48 | 0.000189607
13 - 49 | 0.000323873
13 - 50 | 0.000426884
13 - 51 | 0.000272102
13 - 52 | 0.000290322
13 - 53 | 0.000204353
13 - 54 | 0.000135618
13 - 55 | 0.000162885
13 - 56 | 6.05628e-05
13 - 57 | 2.06049e-06
13 - 58 | 6.84033e-05
13 - 59 | 0.000118306
13 - 60 | 0.000177502
13 - 61 | 0.000158174
13 - 62 | 6.17821e-05
13 - 63 | 0.000125616
13 - 64 | 0.000148333
13 - 65 | 0.000147216
13 - 66 | 6.71554e-06
14 - 0 | 8.90794e-07
14 - 1 | 7.25305e-07
14 - 2 | 9.48062e-10
14 - 3 | 7.27084e-07
14 - 4 | 2.52677e-06
14 - 5 | 1.92481e-06
14 - 6 | 8.16569e-07
14 - 7 | 1.28594e-09
14 - 8 | 6.23177e-07
14 - 9 | 2.22683e-06
14 - 10 | 2.49281e-06
14 - 11 | 3.26381e-06
14 - 12 | 2.25611e-06
14 - 13 | 2.49403e-07
14 - 14 | 1.66069e-09
14 - 15 | 3.63502e-07
14 - 16 | 1.71133e-06
14 - 17 | 2.87613e-06
14 - 18 | 3.19329e-06
14 - 19 | 2.70369e-06
14 - 20 | 8.91124e-07
14 - 21 | 7.65289e-09
14 - 22 | 4.55923e-07
14 - 23 | 1.72623e-06
14 - 24 | 2.65351e-06
14 - 25 | 3.24077e-06
14 - 26 | 2.1111e-06
14 - 27 | 1.66727e-06
14 - 28 | 1.15291e-06
14 - 29 | 5.95041e-09
14 - 30 | 1.81241e-07
14 - 31 | 1.33841e-06
14 - 32 | 2.59389e-06
14 - 33 | 3.01332e-06
14 - 34 | 3.58856e-06
14 - 35 | 1.62372e-06
14 - 36 | 1.00766e-06
14 - 37 | 6.09829e-07
14 - 38 | 1.76529e-09
14 - 39 | 4.13563e-07
14 - 40 | 2.27496e-06
14 - 41 | 2.86609e-06
14 - 42 | 1.65543e-06
14 - 43 | 2.03997e-06
14 - 44 | 1.22705e-06
14 - 45 | 3.95208e-07
14 - 46 | 5.3151e-09
14 - 47 | 3.3898e-07
14 - 48 | 1.26253e-06
14 - 49 | 2.15656e-06
14 - 50 | 2.84248e-06
14 - 51 | 1.81184e-06
14 - 52 | 1.93315e-06
14 - 53 | 1.36072e-06
14 - 54 | 9.03035e-07
14 - 55 | 1.0846e-06
14 - 56 | 4.03267e-07
14 - 57 | 1.37201e-08
14 - 58 | 4.55475e-07
14 - 59 | 7.87761e-07
14 - 60 | 1.18193e-06
14 - 61 | 1.05322e-06
14 - 62 | 4.11386e-07
14 - 63 | 8.36434e-07
14 - 64 | 9.87701e-07
14 - 65 | 9.80261e-07
14 - 66 | 4.47165e-08
15 - 0 | 0.000194983
15 - 1 | 0.00015876
15 - 2 | 2.07518e-07
15 - 3 | 0.000159149
15 - 4 | 0.000553077
15 - 5 | 0.000421314
15 - 6 | 0.000178736
15 - 7 | 2.81476e-07
15 - 8 | 0.000136405
15 - 9 | 0.000487424
15 - 10 | 0.000545642
15 - 11 | 0.000714406
15 - 12 | 0.000493833
15 - 13 | 5.45909e-05
15 - 14 | 3.63502e-07
15 - 15 | 7.95659e-05
15 - 16 | 0.000374586
15 - 17 | 0.000629547
15 - 18 | 0.000698969
15 - 19 | 0.000591802
15 - 20 | 0.000195055
15 - 21 | 1.67512e-06
15 - 22 | 9.97956e-05
15 - 23 | 0.000377849
15 - 24 | 0.000580817
15 - 25 | 0.000709361
15 - 26 | 0.000462091
15 - 27 | 0.000364944
15 - 28 | 0.000252357
15 - 29 | 1.30247e-06
15 - 30 | 3.96712e-05
15 - 31 | 0.000292961
15 - 32 | 0.000567768
15 - 33 | 0.000659577
15 - 34 | 0.000785487
15 - 35 | 0.000355411
15 - 36 | 0.000220563
15 - 37 | 0.000133483
15 - 38 | 3.86399e-07
15 - 39 | 9.05233e-05
15 - 40 | 0.000497958
15 - 41 | 0.000627349
15 - 42 | 0.000362352
15 - 43 | 0.000446523
15 - 44 | 0.000268586
15 - 45 | 8.65058e-05
15 - 46 | 1.1634e-06
15 - 47 | 7.41983e-05
15 - 48 | 0.000276351
15 - 49 | 0.000472042
15 - 50 | 0.00062218
15 - 51 | 0.000396587
15 - 52 | 0.000423142
15 - 53 | 0.000297843
15 - 54 | 0.000197662
15 - 55 | 0.000237404
15 - 56 | 8.82698e-05
15 - 57 | 3.00314e-06
15 - 58 | 9.96974e-05
15 - 59 | 0.00017243
15 - 60 | 0.000258708
15 - 61 | 0.000230537
15 - 62 | 9.0047e-05
15 - 63 | 0.000183084
15 - 64 | 0.000216195
15 - 65 | 0.000214566
15 - 66 | 9.78785e-06
16 - 0 | 0.000917956
16 - 1 | 0.000747422
16 - 2 | 9.76971e-07
16 - 3 | 0.000749254
16 - 4 | 0.00260382
16 - 5 | 0.0019835
16 - 6 | 0.000841468
16 - 7 | 1.32516e-06
16 - 8 | 0.000642179
16 - 9 | 0.00229473
16 - 10 | 0.00256882
16 - 11 | 0.00336334
16 - 12 | 0.00232491
16 - 13 | 0.000257007
16 - 14 | 1.71133e-06
16 - 15 | 0.000374586
16 - 16 | 0.00176351
16 - 17 | 0.00296383
16 - 18 | 0.00329066
16 - 19 | 0.00278613
16 - 20 | 0.000918296
16 - 21 | 7.88624e-06
16 - 22 | 0.000469826
16 - 23 | 0.00177887
16 - 24 | 0.00273442
16 - 25 | 0.00333959
16 - 26 | 0.00217547
16 - 27 | 0.00171811
16 - 28 | 0.00118807
16 - 29 | 6.13186e-06
16 - 30 | 0.000186767
16 - 31 | 0.00137922
16 - 32 | 0.00267298
16 - 33 | 0.00310521
16 - 34 | 0.00369798
16 - 35 | 0.00167323
16 - 36 | 0.00103838
16 - 37 | 0.000628424
16 - 38 | 1.81912e-06
16 - 39 | 0.000426173
16 - 40 | 0.00234433
16 - 41 | 0.00295348
16 - 42 | 0.00170591
16 - 43 | 0.00210218
16 - 44 | 0.00126447
16 - 45 | 0.000407259
16 - 46 | 5.47717e-06
16 - 47 | 0.000349317
16 - 48 | 0.00130103
16 - 49 | 0.00222232
16 - 50 | 0.00292915
16 - 51 | 0.00186708
16 - 52 | 0.0019921
16 - 53 | 0.00140221
16 - 54 | 0.000930571
16 - 55 | 0.00111767
16 - 56 | 0.000415563
16 - 57 | 1.41384e-05
16 - 58 | 0.000469363
16 - 59 | 0.000811782
16 - 60 | 0.00121797
16 - 61 | 0.00108534
16 - 62 | 0.00042393
16 - 63 | 0.000861939
16 - 64 | 0.00101782
16 - 65 | 0.00101015
16 - 66 | 4.608e-05
17 - 0 | 0.00154276
17 - 1 | 0.00125615
17 - 2 | 1.64194e-06
17 - 3 | 0.00125923
17 - 4 | 0.00437609
17 - 5 | 0.00333355
17 - 6 | 0.00141421
17 - 7 | 2.22712e-06
17 - 8 | 0.00107927
17 - 9 | 0.00385663
17 - 10 | 0.00431727
17 - 11 | 0.00565257
17 - 12 | 0.00390734
17 - 13 | 0.000431938
17 - 14 | 2.87613e-06
17 - 15 | 0.000629547
17 - 16 | 0.00296383
17 - 17 | 0.00498114
17 - 18 | 0.00553043
17 - 19 | 0.0046825
17 - 20 | 0.00154333
17 - 21 | 1.3254e-05
17 - 22 | 0.00078961
17 - 23 | 0.00298965
17 - 24 | 0.00459558
17 - 25 | 0.00561266
17 - 26 | 0.00365619
17 - 27 | 0.00288754
17 - 28 | 0.00199672
17 - 29 | 1.03055e-05
17 - 30 | 0.000313889
17 - 31 | 0.00231799
17 - 32 | 0.00449233
17 - 33 | 0.00521875
17 - 34 | 0.00621499
17 - 35 | 0.0028121
17 - 36 | 0.00174515
17 - 37 | 0.00105616
17 - 38 | 3.05729e-06
17 - 39 | 0.000716245
17 - 40 | 0.00393998
17 - 41 | 0.00496375
17 - 42 | 0.00286702
17 - 43 | 0.00353301
17 - 44 | 0.00212512
17 - 45 | 0.000684457
17 - 46 | 9.20517e-06
17 - 47 | 0.000587077
17 - 48 | 0.00218657
17 - 49 | 0.00373492
17 - 50 | 0.00492286
17 - 51 | 0.0031379
17 - 52 | 0.00334801
17 - 53 | 0.00235662
17 - 54 | 0.00156396
17 - 55 | 0.00187841
17 - 56 | 0.000698414
17 - 57 | 2.37617e-05
17 - 58 | 0.000788832
17 - 59 | 0.00136432
17 - 60 | 0.00204697
17 - 61 | 0.00182407
17 - 62 | 0.000712476
17 - 63 | 0.00144861
17 - 64 | 0.00171059
17 - 65 | 0.0016977
17 - 66 | 7.74441e-05
18 - 0 | 0.00171288
18 - 1 | 0.00139467
18 - 2 | 1.823e-06
18 - 3 | 0.00139809
18 - 4 | 0.00485866
18 - 5 | 0.00370116
18 - 6 | 0.00157016
18 - 7 | 2.47271e-06
18 - 8 | 0.00119829
18 - 9 | 0.00428191
18 - 10 | 0.00479335
18 - 11 | 0.0062759
18 - 12 | 0.00433821
18 - 13 | 0.000479569
18 - 14 | 3.19329e-06
18 - 15 | 0.000698969
18 - 16 | 0.00329066
18 - 17 | 0.00553043
18 - 18 | 0.00614029
18 - 19 | 0.00519885
18 - 20 | 0.00171352
18 - 21 | 1.47155e-05
18 - 22 | 0.000876683
18 - 23 | 0.00331932
18 - 24 | 0.00510235
18 - 25 | 0.00623159
18 - 26 | 0.00405937
18 - 27 | 0.00320596
18 - 28 | 0.0022169
18 - 29 | 1.14419e-05
18 - 30 | 0.000348503
18 - 31 | 0.0025736
18 - 32 | 0.00498772
18 - 33 | 0.00579424
18 - 34 | 0.00690033
18 - 35 | 0.00312221
18 - 36 | 0.0019376
18 - 37 | 0.00117262
18 - 38 | 3.39443e-06
18 - 39 | 0.000795228
18 - 40 | 0.00437446
18 - 41 | 0.00551113
18 - 42 | 0.00318318
18 - 43 | 0.00392261
18 - 44 | 0.00235947
18 - 45 | 0.000759935
18 - 46 | 1.02203e-05
18 - 47 | 0.000651816
18 - 48 | 0.00242769
18 - 49 | 0.00414679
18 - 50 | 0.00546572
18 - 51 | 0.00348393
18 - 52 | 0.00371721
18 - 53 | 0.00261649
18 - 54 | 0.00173642
18 - 55 | 0.00208554
18 - 56 | 0.000775431
18 - 57 | 2.6382e-05
18 - 58 | 0.00087582
18 - 59 | 0.00151476
18 - 60 | 0.0022727
18 - 61 | 0.00202522
18 - 62 | 0.000791043
18 - 63 | 0.00160836
18 - 64 | 0.00189922
18 - 65 | 0.00188492
18 - 66 | 8.59841e-05
19 - 0 | 0.00145026
19 - 1 | 0.00118084
19 - 2 | 1.5435e-06
19 - 3 | 0.00118373
19 - 4 | 0.00411372
19 - 5 | 0.00313369
19 - 6 | 0.00132942
19 - 7 | 2.09359e-06
19 - 8 | 0.00101457
19 - 9 | 0.00362541
19 - 10 | 0.00405843
19 - 11 | 0.00531367
19 - 12 | 0.00367307
19 - 13 | 0.000406041
19 - 14 | 2.70369e-06
19 - 15 | 0.000591802
19 - 16 | 0.00278613
19 - 17 | 0.0046825
19 - 18 | 0.00519885
19 - 19 | 0.00440176
19 - 20 | 0.0014508
19 - 21 | 1.24593e-05
19 - 22 | 0.000742269
19 - 23 | 0.0028104
19 - 24 | 0.00432006
19 - 25 | 0.00527615
19 - 26 | 0.00343698
19 - 27 | 0.00271442
19 - 28 | 0.00187701
19 - 29 | 9.68761e-06
19 - 30 | 0.00029507
19 - 31 | 0.00217901
19 - 32 | 0.004223
19 - 33 | 0.00490586
19 - 34 | 0.00584237
19 - 35 | 0.00264351
19 - 36 | 0.00164052
19 - 37 | 0.000992836
19 - 38 | 2.87399e-06
19 - 39 | 0.000673303
19 - 40 | 0.00370376
19 - 41 | 0.00466615
19 - 42 | 0.00269513
19 - 43 | 0.00332119
19 - 44 | 0.00199771
19 - 45 | 0.000643421
19 - 46 | 8.65327e-06
19 - 47 | 0.000551879
19 - 48 | 0.00205547
19 - 49 | 0.003511
19 - 50 | 0.00462771
19 - 51 | 0.00294977
19 - 52 | 0.00314728
19 - 53 | 0.00221533
19 - 54 | 0.00147019
19 - 55 | 0.00176579
19 - 56 | 0.000656541
19 - 57 | 2.2337e-05
19 - 58 | 0.000741538
19 - 59 | 0.00128252
19 - 60 | 0.00192424
19 - 61 | 0.00171471
19 - 62 | 0.00066976
19 - 63 | 0.00136176
19 - 64 | 0.00160803
19 - 65 | 0.00159592
19 - 66 | 7.2801e-05
20 - 0 | 0.000477999
20 - 1 | 0.000389198
20 - 2 | 5.08729e-07
20 - 3 | 0.000390152
20 - 4 | 0.00135586
20 - 5 | 0.00103285
20 - 6 | 0.00043817
20 - 7 | 6.90037e-07
20 - 8 | 0.000334396
20 - 9 | 0.00119492
20 - 10 | 0.00133764
20 - 11 | 0.00175136
20 - 12 | 0.00121063
20 - 13 | 0.000133829
20 - 14 | 8.91124e-07
20 - 15 | 0.000195055
20 - 16 | 0.000918296
20 - 17 | 0.00154333
20 - 18 | 0.00171352
20 - 19 | 0.0014508
20 - 20 | 0.000478176
20 - 21 | 4.10654e-06
20 - 22 | 0.000244648
20 - 23 | 0.000926295
20 - 24 | 0.00142387
20 - 25 | 0.00173899
20 - 26 | 0.00113281
20 - 27 | 0.000894658
20 - 28 | 0.000618652
20 - 29 | 3.19299e-06
20 - 30 | 9.72536e-05
20 - 31 | 0.000718192
20 - 32 | 0.00139188
20 - 33 | 0.00161695
20 - 34 | 0.00192562
20 - 35 | 0.000871286
20 - 36 | 0.000540708
20 - 37 | 0.000327234
20 - 38 | 9.47254e-07
20 - 39 | 0.000221917
20 - 40 | 0.00122074
20 - 41 | 0.00153794
20 - 42 | 0.000888302
20 - 43 | 0.00109465
20 - 44 | 0.000658436
20 - 45 | 0.000212068
20 - 46 | 2.85208e-06
20 - 47 | 0.000181897
20 - 48 | 0.000677473
20 - 49 | 0.00115721
20 - 50 | 0.00152527
20 - 51 | 0.00097223
20 - 52 | 0.00103733
20 - 53 | 0.000730161
20 - 54 | 0.000484568
20 - 55 | 0.000581994
20 - 56 | 0.000216393
20 - 57 | 7.36218e-06
20 - 58 | 0.000244407
20 - 59 | 0.000422712
20 - 60 | 0.000634221
20 - 61 | 0.00056516
20 - 62 | 0.00022075
20 - 63 | 0.00044883
20 - 64 | 0.000529999
20 - 65 | 0.000526007
20 - 66 | 2.39948e-05
21 - 0 | 4.10502e-06
21 - 1 | 3.3424e-06
21 - 2 | 4.36892e-09
21 - 3 | 3.3506e-06
21 - 4 | 1.1644e-05
21 - 5 | 8.87002e-06
21 - 6 | 3.76297e-06
21 - 7 | 5.92597e-09
21 - 8 | 2.87177e-06
21 - 9 | 1.02618e-05
21 - 10 | 1.14875e-05
21 - 11 | 1.50405e-05
21 - 12 | 1.03968e-05
21 - 13 | 1.14931e-06
21 - 14 | 7.65289e-09
21 - 15 | 1.67512e-06
21 - 16 | 7.88624e-06
21 - 17 | 1.3254e-05
21 - 18 | 1.47155e-05
21 - 19 | 1.24593e-05
21 - 20 | 4.10654e-06
21 - 21 | 3.52666e-08
21 - 22 | 2.10102e-06
21 - 23 | 7.95494e-06
21 - 24 | 1.22281e-05
21 - 25 | 1.49343e-05
21 - 26 | 9.7285e-06
21 - 27 | 7.68325e-06
21 - 28 | 5.31293e-06
21 - 29 | 2.74211e-08
21 - 30 | 8.35205e-07
21 - 31 | 6.16777e-06
21 - 32 | 1.19533e-05
21 - 33 | 1.38862e-05
21 - 34 | 1.6537e-05
21 - 35 | 7.48253e-06
21 - 36 | 4.64355e-06
21 - 37 | 2.81025e-06
21 - 38 | 8.13494e-09
21 - 39 | 1.90581e-06
21 - 40 | 1.04836e-05
21 - 41 | 1.32077e-05
21 - 42 | 7.62866e-06
21 - 43 | 9.40074e-06
21 - 44 | 5.65459e-06
21 - 45 | 1.82122e-06
21 - 46 | 2.44934e-08
21 - 47 | 1.56211e-06
21 - 48 | 5.81808e-06
21 - 49 | 9.938e-06
21 - 50 | 1.30989e-05
21 - 51 | 8.34943e-06
21 - 52 | 8.90849e-06
21 - 53 | 6.27056e-06
21 - 54 | 4.16143e-06
21 - 55 | 4.99812e-06
21 - 56 | 1.85836e-06
21 - 57 | 6.32258e-08
21 - 58 | 2.09895e-06
21 - 59 | 3.63021e-06
21 - 60 | 5.44664e-06
21 - 61 | 4.85354e-06
21 - 62 | 1.89578e-06
21 - 63 | 3.85451e-06
21 - 64 | 4.55159e-06
21 - 65 | 4.5173e-06
21 - 66 | 2.06066e-07
22 - 0 | 0.000244558
22 - 1 | 0.000199125
22 - 2 | 2.6028e-07
22 - 3 | 0.000199613
22 - 4 | 0.000693697
22 - 5 | 0.000528434
22 - 6 | 0.00022418
22 - 7 | 3.53042e-07
22 - 8 | 0.000171086
22 - 9 | 0.000611352
22 - 10 | 0.000684372
22 - 11 | 0.000896044
22 - 12 | 0.00061939
22 - 13 | 6.84707e-05
22 - 14 | 4.55923e-07
22 - 15 | 9.97956e-05
22 - 16 | 0.000469826
22 - 17 | 0.00078961
22 - 18 | 0.000876683
22 - 19 | 0.000742269
22 - 20 | 0.000244648
22 - 21 | 2.10102e-06
22 - 22 | 0.000125169
22 - 23 | 0.000473918
22 - 24 | 0.000728491
22 - 25 | 0.000889717
22 - 26 | 0.000579579
22 - 27 | 0.000457732
22 - 28 | 0.00031652
22 - 29 | 1.63362e-06
22 - 30 | 4.97576e-05
22 - 31 | 0.000367447
22 - 32 | 0.000712124
22 - 33 | 0.000827275
22 - 34 | 0.000985198
22 - 35 | 0.000445774
22 - 36 | 0.000276641
22 - 37 | 0.000167422
22 - 38 | 4.84641e-07
22 - 39 | 0.000113539
22 - 40 | 0.000624565
22 - 41 | 0.000786853
22 - 42 | 0.00045448
22 - 43 | 0.000560052
22 - 44 | 0.000336874
22 - 45 | 0.0001085
22 - 46 | 1.4592e-06
22 - 47 | 9.30633e-05
22 - 48 | 0.000346614
22 - 49 | 0.00059206
22 - 50 | 0.00078037
22 - 51 | 0.00049742
22 - 52 | 0.000530726
22 - 53 | 0.00037357
22 - 54 | 0.000247918
22 - 55 | 0.000297764
22 - 56 | 0.000110712
22 - 57 | 3.76669e-06
22 - 58 | 0.000125046
22 - 59 | 0.000216271
22 - 60 | 0.000324485
22 - 61 | 0.000289151
22 - 62 | 0.000112942
22 - 63 | 0.000229634
22 - 64 | 0.000271162
22 - 65 | 0.00026912
22 - 66 | 1.22764e-05
23 - 0 | 0.000925952
23 - 1 | 0.000753932
23 - 2 | 9.8548e-07
23 - 3 | 0.00075578
23 - 4 | 0.0026265
23 - 5 | 0.00200077
23 - 6 | 0.000848797
23 - 7 | 1.3367e-06
23 - 8 | 0.000647773
23 - 9 | 0.00231472
23 - 10 | 0.00259119
23 - 11 | 0.00339263
23 - 12 | 0.00234516
23 - 13 | 0.000259246
23 - 14 | 1.72623e-06
23 - 15 | 0.000377849
23 - 16 | 0.00177887
23 - 17 | 0.00298965
23 - 18 | 0.00331932
23 - 19 | 0.0028104
23 - 20 | 0.000926295
23 - 21 | 7.95494e-06
23 - 22 | 0.000473918
23 - 23 | 0.00179436
23 - 24 | 0.00275824
23 - 25 | 0.00336868
23 - 26 | 0.00219442
23 - 27 | 0.00173308
23 - 28 | 0.00119842
23 - 29 | 6.18527e-06
23 - 30 | 0.000188394
23 - 31 | 0.00139124
23 - 32 | 0.00269627
23 - 33 | 0.00313226
23 - 34 | 0.00373019
23 - 35 | 0.0016878
23 - 36 | 0.00104743
23 - 37 | 0.000633898
23 - 38 | 1.83497e-06
23 - 39 | 0.000429885
23 - 40 | 0.00236475
23 - 41 | 0.00297921
23 - 42 | 0.00172077
23 - 43 | 0.00212049
23 - 44 | 0.00127548
23 - 45 | 0.000410806
23 - 46 | 5.52488e-06
23 - 47 | 0.000352359
23 - 48 | 0.00131236
23 - 49 | 0.00224168
23 - 50 | 0.00295466
23 - 51 | 0.00188335
23 - 52 | 0.00200945
23 - 53 | 0.00141442
23 - 54 | 0.000938676
23 - 55 | 0.00112741
23 - 56 | 0.000419183
23 - 57 | 1.42616e-05
23 - 58 | 0.000473452
23 - 59 | 0.000818853
23 - 60 | 0.00122858
23 - 61 | 0.00109479
23 - 62 | 0.000427623
23 - 63 | 0.000869446
23 - 64 | 0.00102668
23 - 65 | 0.00101895
23 - 66 | 4.64814e-05
24 - 0 | 0.00142334
24 - 1 | 0.00115892
24 - 2 | 1.51485e-06
24 - 3 | 0.00116176
24 - 4 | 0.00403736
24 - 5 | 0.00307552
24 - 6 | 0.00130474
24 - 7 | 2.05473e-06
24 - 8 | 0.000995735
24 - 9 | 0.00355811
24 - 10 | 0.0039831
24 - 11 | 0.00521504
24 - 12 | 0.0036049
24 - 13 | 0.000398504
24 - 14 | 2.65351e-06
24 - 15 | 0.000580817
24 - 16 | 0.00273442
24 - 17 | 0.00459558
24 - 18 | 0.00510235
24 - 19 | 0.00432006
24 - 20 | 0.00142387
24 - 21 | 1.22281e-05
24 - 22 | 0.000728491
24 - 23 | 0.00275824
24 - 24 | 0.00423987
24 - 25 | 0.00517822
24 - 26 | 0.00337319
24 - 27 | 0.00266403
24 - 28 | 0.00184217
24 - 29 | 9.50779e-06
24 - 30 | 0.000289593
24 - 31 | 0.00213857
24 - 32 | 0.00414461
24 - 33 | 0.0048148
24 - 34 | 0.00573392
24 - 35 | 0.00259444
24 - 36 | 0.00161007
24 - 37 | 0.000974407
24 - 38 | 2.82065e-06
24 - 39 | 0.000660805
24 - 40 | 0.00363501
24 - 41 | 0.00457954
24 - 42 | 0.00264511
24 - 43 | 0.00325954
24 - 44 | 0.00196063
24 - 45 | 0.000631478
24 - 46 | 8.49265e-06
24 - 47 | 0.000541635
24 - 48 | 0.00201732
24 - 49 | 0.00344583
24 - 50 | 0.00454181
24 - 51 | 0.00289502
24 - 52 | 0.00308886
24 - 53 | 0.00217421
24 - 54 | 0.0014429
24 - 55 | 0.00173301
24 - 56 | 0.000644354
24 - 57 | 2.19224e-05
24 - 58 | 0.000727774
24 - 59 | 0.00125871
24 - 60 | 0.00188853
24 - 61 | 0.00168288
24 - 62 | 0.000657328
24 - 63 | 0.00133648
24 - 64 | 0.00157818
24 - 65 | 0.0015663
24 - 66 | 7.14496e-05
25 - 0 | 0.00173835
25 - 1 | 0.00141541
25 - 2 | 1.85011e-06
25 - 3 | 0.00141888
25 - 4 | 0.0049309
25 - 5 | 0.00375619
25 - 6 | 0.0015935
25 - 7 | 2.50947e-06
25 - 8 | 0.00121611
25 - 9 | 0.00434558
25 - 10 | 0.00486462
25 - 11 | 0.00636921
25 - 12 | 0.00440272
25 - 13 | 0.0004867
25 - 14 | 3.24077e-06
25 - 15 | 0.000709361
25 - 16 | 0.00333959
25 - 17 | 0.00561266
25 - 18 | 0.00623159
25 - 19 | 0.00527615
25 - 20 | 0.00173899
25 - 21 | 1.49343e-05
25 - 22 | 0.000889717
25 - 23 | 0.00336868
25 - 24 | 0.00517822
25 - 25 | 0.00632424
25 - 26 | 0.00411973
25 - 27 | 0.00325362
25 - 28 | 0.00224987
25 - 29 | 1.1612e-05
25 - 30 | 0.000353684
25 - 31 | 0.00261186
25 - 32 | 0.00506188
25 - 33 | 0.00588039
25 - 34 | 0.00700293
25 - 35 | 0.00316863
25 - 36 | 0.00196641
25 - 37 | 0.00119006
25 - 38 | 3.4449e-06
25 - 39 | 0.000807051
25 - 40 | 0.0044395
25 - 41 | 0.00559307
25 - 42 | 0.00323051
25 - 43 | 0.00398093
25 - 44 | 0.00239455
25 - 45 | 0.000771234
25 - 46 | 1.03722e-05
25 - 47 | 0.000661507
25 - 48 | 0.00246378
25 - 49 | 0.00420844
25 - 50 | 0.00554698
25 - 51 | 0.00353573
25 - 52 | 0.00377248
25 - 53 | 0.00265539
25 - 54 | 0.00176224
25 - 55 | 0.00211655
25 - 56 | 0.00078696
25 - 57 | 2.67742e-05
25 - 58 | 0.000888842
25 - 59 | 0.00153729
25 - 60 | 0.00230649
25 - 61 | 0.00205533
25 - 62 | 0.000802805
25 - 63 | 0.00163227
25 - 64 | 0.00192746
25 - 65 | 0.00191294
25 - 66 | 8.72626e-05
26 - 0 | 0.00113239
26 - 1 | 0.000922022
26 - 2 | 1.20519e-06
26 - 3 | 0.000924283
26 - 4 | 0.00321208
26 - 5 | 0.00244685
26 - 6 | 0.00103804
26 - 7 | 1.63472e-06
26 - 8 | 0.000792194
26 - 9 | 0.00283079
26 - 10 | 0.0031689
26 - 11 | 0.00414902
26 - 12 | 0.00286801
26 - 13 | 0.000317045
26 - 14 | 2.1111e-06
26 - 15 | 0.000462091
26 - 16 | 0.00217547
26 - 17 | 0.00365619
26 - 18 | 0.00405937
26 - 19 | 0.00343698
26 - 20 | 0.00113281
26 - 21 | 9.7285e-06
26 - 22 | 0.000579579
26 - 23 | 0.00219442
26 - 24 | 0.00337319
26 - 25 | 0.00411973
26 - 26 | 0.00268367
26 - 27 | 0.00211947
26 - 28 | 0.0014656
26 - 29 | 7.56428e-06
26 - 30 | 0.000230397
26 - 31 | 0.00170142
26 - 32 | 0.0032974
26 - 33 | 0.00383059
26 - 34 | 0.00456184
26 - 35 | 0.0020641
26 - 36 | 0.00128095
26 - 37 | 0.000775226
26 - 38 | 2.24407e-06
26 - 39 | 0.000525728
26 - 40 | 0.00289197
26 - 41 | 0.00364343
26 - 42 | 0.00210441
26 - 43 | 0.00259325
26 - 44 | 0.00155985
26 - 45 | 0.000502396
26 - 46 | 6.75665e-06
26 - 47 | 0.000430918
26 - 48 | 0.00160495
26 - 49 | 0.00274146
26 - 50 | 0.00361341
26 - 51 | 0.00230324
26 - 52 | 0.00245746
26 - 53 | 0.00172977
26 - 54 | 0.00114796
26 - 55 | 0.00137876
26 - 56 | 0.000512641
26 - 57 | 1.74412e-05
26 - 58 | 0.000579008
26 - 59 | 0.00100142
26 - 60 | 0.00150249
26 - 61 | 0.00133888
26 - 62 | 0.000522962
26 - 63 | 0.00106329
26 - 64 | 0.00125558
26 - 65 | 0.00124613
26 - 66 | 5.68445e-05
27 - 0 | 0.000894327
27 - 1 | 0.000728182
27 - 2 | 9.51823e-07
27 - 3 | 0.000729968
27 - 4 | 0.00253679
27 - 5 | 0.00193244
27 - 6 | 0.000819808
27 - 7 | 1.29105e-06
27 - 8 | 0.000625649
27 - 9 | 0.00223566
27 - 10 | 0.00250269
27 - 11 | 0.00327676
27 - 12 | 0.00226506
27 - 13 | 0.000250392
27 - 14 | 1.66727e-06
27 - 15 | 0.000364944
27 - 16 | 0.00171811
27 - 17 | 0.00288754
27 - 18 | 0.00320596
27 - 19 | 0.00271442
27 - 20 | 0.000894658
27 - 21 | 7.68325e-06
27 - 22 | 0.000457732
27 - 23 | 0.00173308
27 - 24 | 0.00266403
27 - 25 | 0.00325362
27 - 26 | 0.00211947
27 - 27 | 0.00167389
27 - 28 | 0.00115749
27 - 29 | 5.97402e-06
27 - 30 | 0.00018196
27 - 31 | 0.00134372
27 - 32 | 0.00260418
27 - 33 | 0.00302528
27 - 34 | 0.00360279
27 - 35 | 0.00163016
27 - 36 | 0.00101165
27 - 37 | 0.000612248
27 - 38 | 1.77229e-06
27 - 39 | 0.000415203
27 - 40 | 0.00228398
27 - 41 | 0.00287746
27 - 42 | 0.001662
27 - 43 | 0.00204806
27 - 44 | 0.00123192
27 - 45 | 0.000396776
27 - 46 | 5.33618e-06
27 - 47 | 0.000340325
27 - 48 | 0.00126754
27 - 49 | 0.00216511
27 - 50 | 0.00285375
27 - 51 | 0.00181902
27 - 52 | 0.00194082
27 - 53 | 0.00136612
27 - 54 | 0.000906617
27 - 55 | 0.0010889
27 - 56 | 0.000404866
27 - 57 | 1.37745e-05
27 - 58 | 0.000457281
27 - 59 | 0.000790886
27 - 60 | 0.00118662
27 - 61 | 0.0010574
27 - 62 | 0.000413018
27 - 63 | 0.000839751
27 - 64 | 0.000991618
27 - 65 | 0.000984149
27 - 66 | 4.48939e-05
28 - 0 | 0.000618423
28 - 1 | 0.000503535
28 - 2 | 6.58181e-07
28 - 3 | 0.000504769
28 - 4 | 0.00175418
28 - 5 | 0.00133627
28 - 6 | 0.000566893
28 - 7 | 8.92752e-07
28 - 8 | 0.000432633
28 - 9 | 0.00154595
28 - 10 | 0.0017306
28 - 11 | 0.00226587
28 - 12 | 0.00156628
28 - 13 | 0.000173145
28 - 14 | 1.15291e-06
28 - 15 | 0.000252357
28 - 16 | 0.00118807
28 - 17 | 0.00199672
28 - 18 | 0.0022169
28 - 19 | 0.00187701
28 - 20 | 0.000618652
28 - 21 | 5.31293e-06
28 - 22 | 0.00031652
28 - 23 | 0.00119842
28 - 24 | 0.00184217
28 - 25 | 0.00224987
28 - 26 | 0.0014656
28 - 27 | 0.00115749
28 - 28 | 0.000800396
28 - 29 | 4.131e-06
28 - 30 | 0.000125824
28 - 31 | 0.000929178
28 - 32 | 0.00180078
28 - 33 | 0.00209197
28 - 34 | 0.00249131
28 - 35 | 0.00112725
28 - 36 | 0.000699554
28 - 37 | 0.000423367
28 - 38 | 1.22553e-06
28 - 39 | 0.000287111
28 - 40 | 0.00157936
28 - 41 | 0.00198975
28 - 42 | 0.00114926
28 - 43 | 0.00141623
28 - 44 | 0.000851868
28 - 45 | 0.000274369
28 - 46 | 3.68994e-06
28 - 47 | 0.000235333
28 - 48 | 0.000876498
28 - 49 | 0.00149717
28 - 50 | 0.00197335
28 - 51 | 0.00125785
28 - 52 | 0.00134207
28 - 53 | 0.000944663
28 - 54 | 0.000626922
28 - 55 | 0.00075297
28 - 56 | 0.000279963
28 - 57 | 9.525e-06
28 - 58 | 0.000316208
28 - 59 | 0.000546894
28 - 60 | 0.000820539
28 - 61 | 0.000731189
28 - 62 | 0.0002856
28 - 63 | 0.000580684
28 - 64 | 0.0006857
28 - 65 | 0.000680535
28 - 66 | 3.10439e-05
29 - 0 | 3.19181e-06
29 - 1 | 2.59884e-06
29 - 2 | 3.397e-09
29 - 3 | 2.60522e-06
29 - 4 | 9.05368e-06
29 - 5 | 6.89678e-06
29 - 6 | 2.92585e-06
29 - 7 | 4.60767e-09
29 - 8 | 2.23291e-06
29 - 9 | 7.97897e-06
29 - 10 | 8.93198e-06
29 - 11 | 1.16946e-05
29 - 12 | 8.08388e-06
29 - 13 | 8.93635e-07
29 - 14 | 5.95041e-09
29 - 15 | 1.30247e-06
29 - 16 | 6.13186e-06
29 - 17 | 1.03055e-05
29 - 18 | 1.14419e-05
29 - 19 | 9.68761e-06
29 - 20 | 3.19299e-06
29 - 21 | 2.74211e-08
29 - 22 | 1.63362e-06
29 - 23 | 6.18527e-06
29 - 24 | 9.50779e-06
29 - 25 | 1.1612e-05
29 - 26 | 7.56428e-06
29 - 27 | 5.97402e-06
29 - 28 | 4.131e-06
29 - 29 | 2.13209e-08
29 - 30 | 6.49404e-07
29 - 31 | 4.79567e-06
29 - 32 | 9.29417e-06
29 - 33 | 1.0797e-05
29 - 34 | 1.28582e-05
29 - 35 | 5.81795e-06
29 - 36 | 3.61054e-06
29 - 37 | 2.18508e-06
29 - 38 | 6.32522e-09
29 - 39 | 1.48184e-06
29 - 40 | 8.15141e-06
29 - 41 | 1.02695e-05
29 - 42 | 5.93157e-06
29 - 43 | 7.30943e-06
29 - 44 | 4.39666e-06
29 - 45 | 1.41607e-06
29 - 46 | 1.90445e-08
29 - 47 | 1.2146e-06
29 - 48 | 4.52378e-06
29 - 49 | 7.72717e-06
29 - 50 | 1.01849e-05
29 - 51 | 6.492e-06
29 - 52 | 6.92669e-06
29 - 53 | 4.8756e-06
29 - 54 | 3.23567e-06
29 - 55 | 3.88623e-06
29 - 56 | 1.44495e-06
29 - 57 | 4.91604e-08
29 - 58 | 1.63201e-06
29 - 59 | 2.82263e-06
29 - 60 | 4.23497e-06
29 - 61 | 3.77381e-06
29 - 62 | 1.47404e-06
29 - 63 | 2.99703e-06
29 - 64 | 3.53903e-06
29 - 65 | 3.51237e-06
29 - 66 | 1.60224e-07
30 - 0 | 9.72176e-05
30 - 1 | 7.91568e-05
30 - 2 | 1.03468e-07
30 - 3 | 7.93509e-05
30 - 4 | 0.000275761
30 - 5 | 0.000210065
30 - 6 | 8.9117e-05
30 - 7 | 1.40343e-07
30 - 8 | 6.8011e-05
30 - 9 | 0.000243027
30 - 10 | 0.000272055
30 - 11 | 0.000356199
30 - 12 | 0.000246223
30 - 13 | 2.72188e-05
30 - 14 | 1.81241e-07
30 - 15 | 3.96712e-05
30 - 16 | 0.000186767
30 - 17 | 0.000313889
30 - 18 | 0.000348503
30 - 19 | 0.00029507
30 - 20 | 9.72536e-05
30 - 21 | 8.35205e-07
30 - 22 | 4.97576e-05
30 - 23 | 0.000188394
30 - 24 | 0.000289593
30 - 25 | 0.000353684
30 - 26 | 0.000230397
30 - 27 | 0.00018196
30 - 28 | 0.000125824
30 - 29 | 6.49404e-07
30 - 30 | 1.97799e-05
30 - 31 | 0.000146069
30 - 32 | 0.000283086
30 - 33 | 0.000328862
30 - 34 | 0.00039164
30 - 35 | 0.000177206
30 - 36 | 0.000109972
30 - 37 | 6.65542e-05
30 - 38 | 1.92657e-07
30 - 39 | 4.51345e-05
30 - 40 | 0.00024828
30 - 41 | 0.000312793
30 - 42 | 0.000180667
30 - 43 | 0.000222634
30 - 44 | 0.000133916
30 - 45 | 4.31314e-05
30 - 46 | 5.80068e-07
30 - 47 | 3.69949e-05
30 - 48 | 0.000137787
30 - 49 | 0.000235358
30 - 50 | 0.000310216
30 - 51 | 0.000197736
30 - 52 | 0.000210977
30 - 53 | 0.000148503
30 - 54 | 9.85536e-05
30 - 55 | 0.000118369
30 - 56 | 4.40109e-05
30 - 57 | 1.49735e-06
30 - 58 | 4.97086e-05
30 - 59 | 8.5973e-05
30 - 60 | 0.000128991
30 - 61 | 0.000114945
30 - 62 | 4.4897e-05
30 - 63 | 9.12849e-05
30 - 64 | 0.000107794
30 - 65 | 0.000106982
30 - 66 | 4.88018e-06
31 - 0 | 0.000717926
31 - 1 | 0.000584552
31 - 2 | 7.64081e-07
31 - 3 | 0.000585985
31 - 4 | 0.00203642
31 - 5 | 0.00155128
31 - 6 | 0.000658105
31 - 7 | 1.03639e-06
31 - 8 | 0.000502243
31 - 9 | 0.00179469
31 - 10 | 0.00200905
31 - 11 | 0.00263044
31 - 12 | 0.00181829
31 - 13 | 0.000201003
31 - 14 | 1.33841e-06
31 - 15 | 0.000292961
31 - 16 | 0.00137922
31 - 17 | 0.00231799
31 - 18 | 0.0025736
31 - 19 | 0.00217901
31 - 20 | 0.000718192
31 - 21 | 6.16777e-06
31 - 22 | 0.000367447
31 - 23 | 0.00139124
31 - 24 | 0.00213857
31 - 25 | 0.00261186
31 - 26 | 0.00170142
31 - 27 | 0.00134372
31 - 28 | 0.000929178
31 - 29 | 4.79567e-06
31 - 30 | 0.000146069
31 - 31 | 0.00107868
31 - 32 | 0.00209052
31 - 33 | 0.00242856
31 - 34 | 0.00289216
31 - 35 | 0.00130862
31 - 36 | 0.000812111
31 - 37 | 0.000491485
31 - 38 | 1.42272e-06
31 - 39 | 0.000333306
31 - 40 | 0.00183348
31 - 41 | 0.00230989
31 - 42 | 0.00133418
31 - 43 | 0.00164409
31 - 44 | 0.000988931
31 - 45 | 0.000318514
31 - 46 | 4.28365e-06
31 - 47 | 0.000273198
31 - 48 | 0.00101752
31 - 49 | 0.00173806
31 - 50 | 0.00229086
31 - 51 | 0.00146023
31 - 52 | 0.00155801
31 - 53 | 0.00109666
31 - 54 | 0.000727792
31 - 55 | 0.00087412
31 - 56 | 0.000325009
31 - 57 | 1.10575e-05
31 - 58 | 0.000367085
31 - 59 | 0.000634888
31 - 60 | 0.000952562
31 - 61 | 0.000848835
31 - 62 | 0.000331552
31 - 63 | 0.000674115
31 - 64 | 0.000796027
31 - 65 | 0.000790031
31 - 66 | 3.60388e-05
32 - 0 | 0.00139136
32 - 1 | 0.00113288
32 - 2 | 1.48081e-06
32 - 3 | 0.00113566
32 - 4 | 0.00394666
32 - 5 | 0.00300642
32 - 6 | 0.00127543
32 - 7 | 2.00856e-06
32 - 8 | 0.000973363
32 - 9 | 0.00347817
32 - 10 | 0.00389361
32 - 11 | 0.00509787
32 - 12 | 0.0035239
32 - 13 | 0.000389551
32 - 14 | 2.59389e-06
32 - 15 | 0.000567768
32 - 16 | 0.00267298
32 - 17 | 0.00449233
32 - 18 | 0.00498772
32 - 19 | 0.004223
32 - 20 | 0.00139188
32 - 21 | 1.19533e-05
32 - 22 | 0.000712124
32 - 23 | 0.00269627
32 - 24 | 0.00414461
32 - 25 | 0.00506188
32 - 26 | 0.0032974
32 - 27 | 0.00260418
32 - 28 | 0.00180078
32 - 29 | 9.29417e-06
32 - 30 | 0.000283086
32 - 31 | 0.00209052
32 - 32 | 0.00405149
32 - 33 | 0.00470662
32 - 34 | 0.0056051
32 - 35 | 0.00253615
32 - 36 | 0.0015739
32 - 37 | 0.000952514
32 - 38 | 2.75727e-06
32 - 39 | 0.000645958
32 - 40 | 0.00355334
32 - 41 | 0.00447665
32 - 42 | 0.00258568
32 - 43 | 0.00318631
32 - 44 | 0.00191658
32 - 45 | 0.00061729
32 - 46 | 8.30184e-06
32 - 47 | 0.000529466
32 - 48 | 0.00197199
32 - 49 | 0.00336841
32 - 50 | 0.00443977
32 - 51 | 0.00282997
32 - 52 | 0.00301946
32 - 53 | 0.00212536
32 - 54 | 0.00141048
32 - 55 | 0.00169407
32 - 56 | 0.000629877
32 - 57 | 2.14299e-05
32 - 58 | 0.000711423
32 - 59 | 0.00123043
32 - 60 | 0.0018461
32 - 61 | 0.00164507
32 - 62 | 0.000642559
32 - 63 | 0.00130646
32 - 64 | 0.00154273
32 - 65 | 0.00153111
32 - 66 | 6.98444e-05
33 - 0 | 0.00161635
33 - 1 | 0.00131607
33 - 2 | 1.72026e-06
33 - 3 | 0.0013193
33 - 4 | 0.00458484
33 - 5 | 0.00349257
33 - 6 | 0.00148167
33 - 7 | 2.33335e-06
33 - 8 | 0.00113076
33 - 9 | 0.00404059
33 - 10 | 0.00452321
33 - 11 | 0.0059222
33 - 12 | 0.00409372
33 - 13 | 0.000452542
33 - 14 | 3.01332e-06
33 - 15 | 0.000659577
33 - 16 | 0.00310521
33 - 17 | 0.00521875
33 - 18 | 0.00579424
33 - 19 | 0.00490586
33 - 20 | 0.00161695
33 - 21 | 1.38862e-05
33 - 22 | 0.000827275
33 - 23 | 0.00313226
33 - 24 | 0.0048148
33 - 25 | 0.00588039
33 - 26 | 0.00383059
33 - 27 | 0.00302528
33 - 28 | 0.00209197
33 - 29 | 1.0797e-05
33 - 30 | 0.000328862
33 - 31 | 0.00242856
33 - 32 | 0.00470662
33 - 33 | 0.00546769
33 - 34 | 0.00651145
33 - 35 | 0.00294625
33 - 36 | 0.0018284
33 - 37 | 0.00110654
33 - 38 | 3.20313e-06
33 - 39 | 0.000750411
33 - 40 | 0.00412792
33 - 41 | 0.00520053
33 - 42 | 0.00300378
33 - 43 | 0.00370154
33 - 44 | 0.00222649
33 - 45 | 0.000717107
33 - 46 | 9.64427e-06
33 - 47 | 0.000615081
33 - 48 | 0.00229087
33 - 49 | 0.00391309
33 - 50 | 0.00515768
33 - 51 | 0.00328759
33 - 52 | 0.00350772
33 - 53 | 0.00246903
33 - 54 | 0.00163856
33 - 55 | 0.00196801
33 - 56 | 0.000731729
33 - 57 | 2.48951e-05
33 - 58 | 0.000826461
33 - 59 | 0.0014294
33 - 60 | 0.00214461
33 - 61 | 0.00191108
33 - 62 | 0.000746462
33 - 63 | 0.00151771
33 - 64 | 0.00179219
33 - 65 | 0.00177869
33 - 66 | 8.11383e-05
34 - 0 | 0.0019249
34 - 1 | 0.0015673
34 - 2 | 2.04865e-06
34 - 3 | 0.00157114
34 - 4 | 0.00546006
34 - 5 | 0.00415928
34 - 6 | 0.00176451
34 - 7 | 2.77878e-06
34 - 8 | 0.00134661
34 - 9 | 0.00481193
34 - 10 | 0.00538667
34 - 11 | 0.00705273
34 - 12 | 0.0048752
34 - 13 | 0.00053893
34 - 14 | 3.58856e-06
34 - 15 | 0.000785487
34 - 16 | 0.00369798
34 - 17 | 0.00621499
34 - 18 | 0.00690033
34 - 19 | 0.00584237
34 - 20 | 0.00192562
34 - 21 | 1.6537e-05
34 - 22 | 0.000985198
34 - 23 | 0.00373019
34 - 24 | 0.00573392
34 - 25 | 0.00700293
34 - 26 | 0.00456184
34 - 27 | 0.00360279
34 - 28 | 0.00249131
34 - 29 | 1.28582e-05
34 - 30 | 0.00039164
34 - 31 | 0.00289216
34 - 32 | 0.0056051
34 - 33 | 0.00651145
34 - 34 | 0.00775446
34 - 35 | 0.00350867
34 - 36 | 0.00217743
34 - 37 | 0.00131777
34 - 38 | 3.81459e-06
34 - 39 | 0.000893661
34 - 40 | 0.00491592
34 - 41 | 0.00619329
34 - 42 | 0.00357719
34 - 43 | 0.00440815
34 - 44 | 0.00265152
34 - 45 | 0.000853999
34 - 46 | 1.14853e-05
34 - 47 | 0.000732498
34 - 48 | 0.00272819
34 - 49 | 0.00466008
34 - 50 | 0.00614226
34 - 51 | 0.00391517
34 - 52 | 0.00417732
34 - 53 | 0.00294036
34 - 54 | 0.00195136
34 - 55 | 0.00234369
34 - 56 | 0.000871413
34 - 57 | 2.96475e-05
34 - 58 | 0.000984229
34 - 59 | 0.00170226
34 - 60 | 0.00255401
34 - 61 | 0.0022759
34 - 62 | 0.000888959
34 - 63 | 0.00180744
34 - 64 | 0.00213431
34 - 65 | 0.00211823
34 - 66 | 9.66272e-05
35 - 0 | 0.000870964
35 - 1 | 0.000709159
35 - 2 | 9.26957e-07
35 - 3 | 0.000710898
35 - 4 | 0.00247052
35 - 5 | 0.00188196
35 - 6 | 0.000798391
35 - 7 | 1.25732e-06
35 - 8 | 0.000609305
35 - 9 | 0.00217726
35 - 10 | 0.00243731
35 - 11 | 0.00319116
35 - 12 | 0.00220589
35 - 13 | 0.000243851
35 - 14 | 1.62372e-06
35 - 15 | 0.000355411
35 - 16 | 0.00167323
35 - 17 | 0.0028121
35 - 18 | 0.00312221
35 - 19 | 0.00264351
35 - 20 | 0.000871286
35 - 21 | 7.48253e-06
35 - 22 | 0.000445774
35 - 23 | 0.0016878
35 - 24 | 0.00259444
35 - 25 | 0.00316863
35 - 26 | 0.0020641
35 - 27 | 0.00163016
35 - 28 | 0.00112725
35 - 29 | 5.81795e-06
35 - 30 | 0.000177206
35 - 31 | 0.00130862
35 - 32 | 0.00253615
35 - 33 | 0.00294625
35 - 34 | 0.00350867
35 - 35 | 0.00158757
35 - 36 | 0.000985226
35 - 37 | 0.000596254
35 - 38 | 1.726e-06
35 - 39 | 0.000404356
35 - 40 | 0.00222432
35 - 41 | 0.00280229
35 - 42 | 0.00161858
35 - 43 | 0.00199456
35 - 44 | 0.00119974
35 - 45 | 0.00038641
35 - 46 | 5.19678e-06
35 - 47 | 0.000331434
35 - 48 | 0.00123443
35 - 49 | 0.00210855
35 - 50 | 0.0027792
35 - 51 | 0.0017715
35 - 52 | 0.00189012
35 - 53 | 0.00133043
35 - 54 | 0.000882933
35 - 55 | 0.00106045
35 - 56 | 0.00039429
35 - 57 | 1.34147e-05
35 - 58 | 0.000445335
35 - 59 | 0.000770225
35 - 60 | 0.00115562
35 - 61 | 0.00102978
35 - 62 | 0.000402229
35 - 63 | 0.000817814
35 - 64 | 0.000965714
35 - 65 | 0.000958439
35 - 66 | 4.37211e-05
36 - 0 | 0.000540508
36 - 1 | 0.000440094
36 - 2 | 5.75257e-07
36 - 3 | 0.000441173
36 - 4 | 0.00153317
36 - 5 | 0.00116792
36 - 6 | 0.00049547
36 - 7 | 7.80274e-07
36 - 8 | 0.000378126
36 - 9 | 0.00135118
36 - 10 | 0.00151256
36 - 11 | 0.00198039
36 - 12 | 0.00136894
36 - 13 | 0.00015133
36 - 14 | 1.00766e-06
36 - 15 | 0.000220563
36 - 16 | 0.00103838
36 - 17 | 0.00174515
36 - 18 | 0.0019376
36 - 19 | 0.00164052
36 - 20 | 0.000540708
36 - 21 | 4.64355e-06
36 - 22 | 0.000276641
36 - 23 | 0.00104743
36 - 24 | 0.00161007
36 - 25 | 0.00196641
36 - 26 | 0.00128095
36 - 27 | 0.00101165
36 - 28 | 0.000699554
36 - 29 | 3.61054e-06
36 - 30 | 0.000109972
36 - 31 | 0.000812111
36 - 32 | 0.0015739
36 - 33 | 0.0018284
36 - 34 | 0.00217743
36 - 35 | 0.000985226
36 - 36 | 0.000611417
36 - 37 | 0.000370027
36 - 38 | 1.07113e-06
36 - 39 | 0.000250938
36 - 40 | 0.00138038
36 - 41 | 0.00173906
36 - 42 | 0.00100447
36 - 43 | 0.0012378
36 - 44 | 0.000744541
36 - 45 | 0.000239801
36 - 46 | 3.22505e-06
36 - 47 | 0.000205684
36 - 48 | 0.000766068
36 - 49 | 0.00130854
36 - 50 | 0.00172473
36 - 51 | 0.00109937
36 - 52 | 0.00117298
36 - 53 | 0.000825645
36 - 54 | 0.000547936
36 - 55 | 0.000658103
36 - 56 | 0.000244691
36 - 57 | 8.32495e-06
36 - 58 | 0.000276369
36 - 59 | 0.000477991
36 - 60 | 0.00071716
36 - 61 | 0.000639066
36 - 62 | 0.000249617
36 - 63 | 0.000507524
36 - 64 | 0.000599308
36 - 65 | 0.000594794
36 - 66 | 2.71327e-05
37 - 0 | 0.000327113
37 - 1 | 0.000266343
37 - 2 | 3.48142e-07
37 - 3 | 0.000266996
37 - 4 | 0.000927868
37 - 5 | 0.000706817
37 - 6 | 0.000299856
37 - 7 | 4.72218e-07
37 - 8 | 0.00022884
37 - 9 | 0.000817725
37 - 10 | 0.000915395
37 - 11 | 0.00119852
37 - 12 | 0.000828477
37 - 13 | 9.15843e-05
37 - 14 | 6.09829e-07
37 - 15 | 0.000133483
37 - 16 | 0.000628424
37 - 17 | 0.00105616
37 - 18 | 0.00117262
37 - 19 | 0.000992836
37 - 20 | 0.000327234
37 - 21 | 2.81025e-06
37 - 22 | 0.000167422
37 - 23 | 0.000633898
37 - 24 | 0.000974407
37 - 25 | 0.00119006
37 - 26 | 0.000775226
37 - 27 | 0.000612248
37 - 28 | 0.000423367
37 - 29 | 2.18508e-06
37 - 30 | 6.65542e-05
37 - 31 | 0.000491485
37 - 32 | 0.000952514
37 - 33 | 0.00110654
37 - 34 | 0.00131777
37 - 35 | 0.000596254
37 - 36 | 0.000370027
37 - 37 | 0.000223938
37 - 38 | 6.48241e-07
37 - 39 | 0.000151866
37 - 40 | 0.000835398
37 - 41 | 0.00105247
37 - 42 | 0.000607898
37 - 43 | 0.000749108
37 - 44 | 0.000450592
37 - 45 | 0.000145126
37 - 46 | 1.95178e-06
37 - 47 | 0.000124479
37 - 48 | 0.00046362
37 - 49 | 0.00079192
37 - 50 | 0.0010438
37 - 51 | 0.000665333
37 - 52 | 0.000709883
37 - 53 | 0.000499676
37 - 54 | 0.000331608
37 - 55 | 0.000398281
37 - 56 | 0.000148086
37 - 57 | 5.03821e-06
37 - 58 | 0.000167257
37 - 59 | 0.000289278
37 - 60 | 0.000434021
37 - 61 | 0.00038676
37 - 62 | 0.000151067
37 - 63 | 0.000307151
37 - 64 | 0.000362698
37 - 65 | 0.000359966
37 - 66 | 1.64206e-05
38 - 0 | 9.46904e-07
38 - 1 | 7.70991e-07
38 - 2 | 1.00778e-09
38 - 3 | 7.72882e-07
38 - 4 | 2.68593e-06
38 - 5 | 2.04605e-06
38 - 6 | 8.68003e-07
38 - 7 | 1.36694e-09
38 - 8 | 6.6243e-07
38 - 9 | 2.3671e-06
38 - 10 | 2.64982e-06
38 - 11 | 3.4694e-06
38 - 12 | 2.39822e-06
38 - 13 | 2.65112e-07
38 - 14 | 1.76529e-09
38 - 15 | 3.86399e-07
38 - 16 | 1.81912e-06
38 - 17 | 3.05729e-06
38 - 18 | 3.39443e-06
38 - 19 | 2.87399e-06
38 - 20 | 9.47254e-07
38 - 21 | 8.13494e-09
38 - 22 | 4.84641e-07
38 - 23 | 1.83497e-06
38 - 24 | 2.82065e-06
38 - 25 | 3.4449e-06
38 - 26 | 2.24407e-06
38 - 27 | 1.77229e-06
38 - 28 | 1.22553e-06
38 - 29 | 6.32522e-09
38 - 30 | 1.92657e-07
38 - 31 | 1.42272e-06
38 - 32 | 2.75727e-06
38 - 33 | 3.20313e-06
38 - 34 | 3.81459e-06
38 - 35 | 1.726e-06
38 - 36 | 1.07113e-06
38 - 37 | 6.48241e-07
38 - 38 | 1.87649e-09
38 - 39 | 4.39612e-07
38 - 40 | 2.41826e-06
38 - 41 | 3.04662e-06
38 - 42 | 1.7597e-06
38 - 43 | 2.16847e-06
38 - 44 | 1.30434e-06
38 - 45 | 4.20102e-07
38 - 46 | 5.64989e-09
38 - 47 | 3.60332e-07
38 - 48 | 1.34206e-06
38 - 49 | 2.2924e-06
38 - 50 | 3.02152e-06
38 - 51 | 1.92596e-06
38 - 52 | 2.05492e-06
38 - 53 | 1.44643e-06
38 - 54 | 9.59916e-07
38 - 55 | 1.15292e-06
38 - 56 | 4.28668e-07
38 - 57 | 1.45843e-08
38 - 58 | 4.84164e-07
38 - 59 | 8.37381e-07
38 - 60 | 1.25638e-06
38 - 61 | 1.11957e-06
38 - 62 | 4.37299e-07
38 - 63 | 8.89119e-07
38 - 64 | 1.04991e-06
38 - 65 | 1.04201e-06
38 - 66 | 4.75331e-08
39 - 0 | 0.000221835
39 - 1 | 0.000180623
39 - 2 | 2.36097e-07
39 - 3 | 0.000181066
39 - 4 | 0.000629244
39 - 5 | 0.000479336
39 - 6 | 0.000203351
39 - 7 | 3.2024e-07
39 - 8 | 0.00015519
39 - 9 | 0.00055455
39 - 10 | 0.000620786
39 - 11 | 0.000812791
39 - 12 | 0.000561841
39 - 13 | 6.21089e-05
39 - 14 | 4.13563e-07
39 - 15 | 9.05233e-05
39 - 16 | 0.000426173
39 - 17 | 0.000716245
39 - 18 | 0.000795228
39 - 19 | 0.000673303
39 - 20 | 0.000221917
39 - 21 | 1.90581e-06
39 - 22 | 0.000113539
39 - 23 | 0.000429885
39 - 24 | 0.000660805
39 - 25 | 0.000807051
39 - 26 | 0.000525728
39 - 27 | 0.000415203
39 - 28 | 0.000287111
39 - 29 | 1.48184e-06
39 - 30 | 4.51345e-05
39 - 31 | 0.000333306
39 - 32 | 0.000645958
39 - 33 | 0.000750411
39 - 34 | 0.000893661
39 - 35 | 0.000404356
39 - 36 | 0.000250938
39 - 37 | 0.000151866
39 - 38 | 4.39612e-07
39 - 39 | 0.00010299
39 - 40 | 0.000566535
39 - 41 | 0.000713745
39 - 42 | 0.000412253
39 - 43 | 0.000508016
39 - 44 | 0.000305574
39 - 45 | 9.8419e-05
39 - 46 | 1.32362e-06
39 - 47 | 8.44166e-05
39 - 48 | 0.000314409
39 - 49 | 0.00053705
39 - 50 | 0.000707864
39 - 51 | 0.000451203
39 - 52 | 0.000481415
39 - 53 | 0.000338861
39 - 54 | 0.000224884
39 - 55 | 0.000270098
39 - 56 | 0.000100426
39 - 57 | 3.41672e-06
39 - 58 | 0.000113427
39 - 59 | 0.000196177
39 - 60 | 0.000294336
39 - 61 | 0.000262285
39 - 62 | 0.000102448
39 - 63 | 0.000208298
39 - 64 | 0.000245968
39 - 65 | 0.000244115
39 - 66 | 1.11358e-05
40 - 0 | 0.00122029
40 - 1 | 0.000993588
40 - 2 | 1.29874e-06
40 - 3 | 0.000996024
40 - 4 | 0.0034614
40 - 5 | 0.00263677
40 - 6 | 0.00111861
40 - 7 | 1.7616e-06
40 - 8 | 0.000853684
40 - 9 | 0.00305051
40 - 10 | 0.00341487
40 - 11 | 0.00447107
40 - 12 | 0.00309062
40 - 13 | 0.000341654
40 - 14 | 2.27496e-06
40 - 15 | 0.000497958
40 - 16 | 0.00234433
40 - 17 | 0.00393998
40 - 18 | 0.00437446
40 - 19 | 0.00370376
40 - 20 | 0.00122074
40 - 21 | 1.04836e-05
40 - 22 | 0.000624565
40 - 23 | 0.00236475
40 - 24 | 0.00363501
40 - 25 | 0.0044395
40 - 26 | 0.00289197
40 - 27 | 0.00228398
40 - 28 | 0.00157936
40 - 29 | 8.15141e-06
40 - 30 | 0.00024828
40 - 31 | 0.00183348
40 - 32 | 0.00355334
40 - 33 | 0.00412792
40 - 34 | 0.00491592
40 - 35 | 0.00222432
40 - 36 | 0.00138038
40 - 37 | 0.000835398
40 - 38 | 2.41826e-06
40 - 39 | 0.000566535
40 - 40 | 0.00311644
40 - 41 | 0.00392623
40 - 42 | 0.00226776
40 - 43 | 0.00279454
40 - 44 | 0.00168093
40 - 45 | 0.000541391
40 - 46 | 7.2811e-06
40 - 47 | 0.000464366
40 - 48 | 0.00172953
40 - 49 | 0.00295425
40 - 50 | 0.00389388
40 - 51 | 0.00248202
40 - 52 | 0.00264821
40 - 53 | 0.00186404
40 - 54 | 0.00123706
40 - 55 | 0.00148578
40 - 56 | 0.000552431
40 - 57 | 1.8795e-05
40 - 58 | 0.00062395
40 - 59 | 0.00107915
40 - 60 | 0.00161911
40 - 61 | 0.0014428
40 - 62 | 0.000563554
40 - 63 | 0.00114582
40 - 64 | 0.00135304
40 - 65 | 0.00134285
40 - 66 | 6.12567e-05
41 - 0 | 0.00153737
41 - 1 | 0.00125176
41 - 2 | 1.63621e-06
41 - 3 | 0.00125483
41 - 4 | 0.00436082
41 - 5 | 0.00332192
41 - 6 | 0.00140927
41 - 7 | 2.21934e-06
41 - 8 | 0.00107551
41 - 9 | 0.00384317
41 - 10 | 0.0043022
41 - 11 | 0.00563284
41 - 12 | 0.0038937
41 - 13 | 0.00043043
41 - 14 | 2.86609e-06
41 - 15 | 0.000627349
41 - 16 | 0.00295348
41 - 17 | 0.00496375
41 - 18 | 0.00551113
41 - 19 | 0.00466615
41 - 20 | 0.00153794
41 - 21 | 1.32077e-05
41 - 22 | 0.000786853
41 - 23 | 0.00297921
41 - 24 | 0.00457954
41 - 25 | 0.00559307
41 - 26 | 0.00364343
41 - 27 | 0.00287746
41 - 28 | 0.00198975
41 - 29 | 1.02695e-05
41 - 30 | 0.000312793
41 - 31 | 0.00230989
41 - 32 | 0.00447665
41 - 33 | 0.00520053
41 - 34 | 0.00619329
41 - 35 | 0.00280229
41 - 36 | 0.00173906
41 - 37 | 0.00105247
41 - 38 | 3.04662e-06
41 - 39 | 0.000713745
41 - 40 | 0.00392623
41 - 41 | 0.00494643
41 - 42 | 0.00285702
41 - 43 | 0.00352068
41 - 44 | 0.0021177
41 - 45 | 0.000682068
41 - 46 | 9.17304e-06
41 - 47 | 0.000585028
41 - 48 | 0.00217893
41 - 49 | 0.00372189
41 - 50 | 0.00490567
41 - 51 | 0.00312695
41 - 52 | 0.00333633
41 - 53 | 0.00234839
41 - 54 | 0.0015585
41 - 55 | 0.00187185
41 - 56 | 0.000695976
41 - 57 | 2.36787e-05
41 - 58 | 0.000786079
41 - 59 | 0.00135955
41 - 60 | 0.00203982
41 - 61 | 0.0018177
41 - 62 | 0.000709989
41 - 63 | 0.00144356
41 - 64 | 0.00170462
41 - 65 | 0.00169178
41 - 66 | 7.71738e-05
42 - 0 | 0.000887974
42 - 1 | 0.000723009
42 - 2 | 9.4506e-07
42 - 3 | 0.000724782
42 - 4 | 0.00251877
42 - 5 | 0.00191871
42 - 6 | 0.000813983
42 - 7 | 1.28187e-06
42 - 8 | 0.000621204
42 - 9 | 0.00221978
42 - 10 | 0.00248491
42 - 11 | 0.00325348
42 - 12 | 0.00224897
42 - 13 | 0.000248613
42 - 14 | 1.65543e-06
42 - 15 | 0.000362352
42 - 16 | 0.00170591
42 - 17 | 0.00286702
42 - 18 | 0.00318318
42 - 19 | 0.00269513
42 - 20 | 0.000888302
42 - 21 | 7.62866e-06
42 - 22 | 0.00045448
42 - 23 | 0.00172077
42 - 24 | 0.00264511
42 - 25 | 0.00323051
42 - 26 | 0.00210441
42 - 27 | 0.001662
42 - 28 | 0.00114926
42 - 29 | 5.93157e-06
42 - 30 | 0.000180667
42 - 31 | 0.00133418
42 - 32 | 0.00258568
42 - 33 | 0.00300378
42 - 34 | 0.00357719
42 - 35 | 0.00161858
42 - 36 | 0.00100447
42 - 37 | 0.000607898
42 - 38 | 1.7597e-06
42 - 39 | 0.000412253
42 - 40 | 0.00226776
42 - 41 | 0.00285702
42 - 42 | 0.00165019
42 - 43 | 0.00203351
42 - 44 | 0.00122317
42 - 45 | 0.000393957
42 - 46 | 5.29827e-06
42 - 47 | 0.000337907
42 - 48 | 0.00125853
42 - 49 | 0.00214973
42 - 50 | 0.00283348
42 - 51 | 0.0018061
42 - 52 | 0.00192703
42 - 53 | 0.00135641
42 - 54 | 0.000900176
42 - 55 | 0.00108116
42 - 56 | 0.00040199
42 - 57 | 1.36766e-05
42 - 58 | 0.000454033
42 - 59 | 0.000785267
42 - 60 | 0.00117819
42 - 61 | 0.00104989
42 - 62 | 0.000410084
42 - 63 | 0.000833785
42 - 64 | 0.000984574
42 - 65 | 0.000977157
42 - 66 | 4.45749e-05
43 - 0 | 0.00109424
43 - 1 | 0.000890958
43 - 2 | 1.16459e-06
43 - 3 | 0.000893143
43 - 4 | 0.00310386
43 - 5 | 0.00236441
43 - 6 | 0.00100307
43 - 7 | 1.57964e-06
43 - 8 | 0.000765505
43 - 9 | 0.00273542
43 - 10 | 0.00306214
43 - 11 | 0.00400924
43 - 12 | 0.00277139
43 - 13 | 0.000306364
43 - 14 | 2.03997e-06
43 - 15 | 0.000446523
43 - 16 | 0.00210218
43 - 17 | 0.00353301
43 - 18 | 0.00392261
43 - 19 | 0.00332119
43 - 20 | 0.00109465
43 - 21 | 9.40074e-06
43 - 22 | 0.000560052
43 - 23 | 0.00212049
43 - 24 | 0.00325954
43 - 25 | 0.00398093
43 - 26 | 0.00259325
43 - 27 | 0.00204806
43 - 28 | 0.00141623
43 - 29 | 7.30943e-06
43 - 30 | 0.000222634
43 - 31 | 0.00164409
43 - 32 | 0.00318631
43 - 33 | 0.00370154
43 - 34 | 0.00440815
43 - 35 | 0.00199456
43 - 36 | 0.0012378
43 - 37 | 0.000749108
43 - 38 | 2.16847e-06
43 - 39 | 0.000508016
43 - 40 | 0.00279454
43 - 41 | 0.00352068
43 - 42 | 0.00203351
43 - 43 | 0.00250588
43 - 44 | 0.0015073
43 - 45 | 0.00048547
43 - 46 | 6.52902e-06
43 - 47 | 0.0004164
43 - 48 | 0.00155088
43 - 49 | 0.0026491
43 - 50 | 0.00349167
43 - 51 | 0.00222564
43 - 52 | 0.00237467
43 - 53 | 0.00167149
43 - 54 | 0.00110928
43 - 55 | 0.00133231
43 - 56 | 0.000495369
43 - 57 | 1.68536e-05
43 - 58 | 0.000559501
43 - 59 | 0.000967678
43 - 60 | 0.00145187
43 - 61 | 0.00129377
43 - 62 | 0.000505343
43 - 63 | 0.00102747
43 - 64 | 0.00121328
43 - 65 | 0.00120414
43 - 66 | 5.49293e-05
44 - 0 | 0.000658193
44 - 1 | 0.000535916
44 - 2 | 7.00507e-07
44 - 3 | 0.00053723
44 - 4 | 0.00186699
44 - 5 | 0.00142221
44 - 6 | 0.000603349
44 - 7 | 9.50162e-07
44 - 8 | 0.000460455
44 - 9 | 0.00164537
44 - 10 | 0.00184189
44 - 11 | 0.00241158
44 - 12 | 0.001667
44 - 13 | 0.000184279
44 - 14 | 1.22705e-06
44 - 15 | 0.000268586
44 - 16 | 0.00126447
44 - 17 | 0.00212512
44 - 18 | 0.00235947
44 - 19 | 0.00199771
44 - 20 | 0.000658436
44 - 21 | 5.65459e-06
44 - 22 | 0.000336874
44 - 23 | 0.00127548
44 - 24 | 0.00196063
44 - 25 | 0.00239455
44 - 26 | 0.00155985
44 - 27 | 0.00123192
44 - 28 | 0.000851868
44 - 29 | 4.39666e-06
44 - 30 | 0.000133916
44 - 31 | 0.000988931
44 - 32 | 0.00191658
44 - 33 | 0.00222649
44 - 34 | 0.00265152
44 - 35 | 0.00119974
44 - 36 | 0.000744541
44 - 37 | 0.000450592
44 - 38 | 1.30434e-06
44 - 39 | 0.000305574
44 - 40 | 0.00168093
44 - 41 | 0.0021177
44 - 42 | 0.00122317
44 - 43 | 0.0015073
44 - 44 | 0.000906649
44 - 45 | 0.000292013
44 - 46 | 3.92723e-06
44 - 47 | 0.000250467
44 - 48 | 0.000932863
44 - 49 | 0.00159344
44 - 50 | 0.00210026
44 - 51 | 0.00133874
44 - 52 | 0.00142837
44 - 53 | 0.00100541
44 - 54 | 0.000667237
44 - 55 | 0.000801391
44 - 56 | 0.000297967
44 - 57 | 1.01375e-05
44 - 58 | 0.000336542
44 - 59 | 0.000582063
44 - 60 | 0.000873306
44 - 61 | 0.00077821
44 - 62 | 0.000303966
44 - 63 | 0.000618027
44 - 64 | 0.000729795
44 - 65 | 0.000724298
44 - 66 | 3.30403e-05
45 - 0 | 0.00021199
45 - 1 | 0.000172607
45 - 2 | 2.25618e-07
45 - 3 | 0.00017303
45 - 4 | 0.000601317
45 - 5 | 0.000458063
45 - 6 | 0.000194326
45 - 7 | 3.06027e-07
45 - 8 | 0.000148303
45 - 9 | 0.000529938
45 - 10 | 0.000593235
45 - 11 | 0.000776718
45 - 12 | 0.000536906
45 - 13 | 5.93525e-05
45 - 14 | 3.95208e-07
45 - 15 | 8.65058e-05
45 - 16 | 0.000407259
45 - 17 | 0.000684457
45 - 18 | 0.000759935
45 - 19 | 0.000643421
45 - 20 | 0.000212068
45 - 21 | 1.82122e-06
45 - 22 | 0.0001085
45 - 23 | 0.000410806
45 - 24 | 0.000631478
45 - 25 | 0.000771234
45 - 26 | 0.000502396
45 - 27 | 0.000396776
45 - 28 | 0.000274369
45 - 29 | 1.41607e-06
45 - 30 | 4.31314e-05
45 - 31 | 0.000318514
45 - 32 | 0.00061729
45 - 33 | 0.000717107
45 - 34 | 0.000853999
45 - 35 | 0.00038641
45 - 36 | 0.000239801
45 - 37 | 0.000145126
45 - 38 | 4.20102e-07
45 - 39 | 9.8419e-05
45 - 40 | 0.000541391
45 - 41 | 0.000682068
45 - 42 | 0.000393957
45 - 43 | 0.00048547
45 - 44 | 0.000292013
45 - 45 | 9.40511e-05
45 - 46 | 1.26488e-06
45 - 47 | 8.06701e-05
45 - 48 | 0.000300455
45 - 49 | 0.000513215
45 - 50 | 0.000676448
45 - 51 | 0.000431178
45 - 52 | 0.000460049
45 - 53 | 0.000323822
45 - 54 | 0.000214903
45 - 55 | 0.000258111
45 - 56 | 9.59689e-05
45 - 57 | 3.26508e-06
45 - 58 | 0.000108393
45 - 59 | 0.00018747
45 - 60 | 0.000281274
45 - 61 | 0.000250645
45 - 62 | 9.79011e-05
45 - 63 | 0.000199053
45 - 64 | 0.000235052
45 - 65 | 0.000233281
45 - 66 | 1.06416e-05
46 - 0 | 2.85102e-06
46 - 1 | 2.32137e-06
46 - 2 | 3.03431e-09
46 - 3 | 2.32706e-06
46 - 4 | 8.08703e-06
46 - 5 | 6.16042e-06
46 - 6 | 2.61346e-06
46 - 7 | 4.11572e-09
46 - 8 | 1.9945e-06
46 - 9 | 7.12706e-06
46 - 10 | 7.97833e-06
46 - 11 | 1.0446e-05
46 - 12 | 7.22077e-06
46 - 13 | 7.98223e-07
46 - 14 | 5.3151e-09
46 - 15 | 1.1634e-06
46 - 16 | 5.47717e-06
46 - 17 | 9.20517e-06
46 - 18 | 1.02203e-05
46 - 19 | 8.65327e-06
46 - 20 | 2.85208e-06
46 - 21 | 2.44934e-08
46 - 22 | 1.4592e-06
46 - 23 | 5.52488e-06
46 - 24 | 8.49265e-06
46 - 25 | 1.03722e-05
46 - 26 | 6.75665e-06
46 - 27 | 5.33618e-06
46 - 28 | 3.68994e-06
46 - 29 | 1.90445e-08
46 - 30 | 5.80068e-07
46 - 31 | 4.28365e-06
46 - 32 | 8.30184e-06
46 - 33 | 9.64427e-06
46 - 34 | 1.14853e-05
46 - 35 | 5.19678e-06
46 - 36 | 3.22505e-06
46 - 37 | 1.95178e-06
46 - 38 | 5.64989e-09
46 - 39 | 1.32362e-06
46 - 40 | 7.2811e-06
46 - 41 | 9.17304e-06
46 - 42 | 5.29827e-06
46 - 43 | 6.52902e-06
46 - 44 | 3.92723e-06
46 - 45 | 1.26488e-06
46 - 46 | 1.70112e-08
46 - 47 | 1.08492e-06
46 - 48 | 4.04078e-06
46 - 49 | 6.90215e-06
46 - 50 | 9.09746e-06
46 - 51 | 5.79886e-06
46 - 52 | 6.18714e-06
46 - 53 | 4.35504e-06
46 - 54 | 2.8902e-06
46 - 55 | 3.4713e-06
46 - 56 | 1.29067e-06
46 - 57 | 4.39116e-08
46 - 58 | 1.45777e-06
46 - 59 | 2.52126e-06
46 - 60 | 3.78281e-06
46 - 61 | 3.37089e-06
46 - 62 | 1.31666e-06
46 - 63 | 2.67704e-06
46 - 64 | 3.16118e-06
46 - 65 | 3.13736e-06
46 - 66 | 1.43117e-07
47 - 0 | 0.000181829
47 - 1 | 0.00014805
47 - 2 | 1.93519e-07
47 - 3 | 0.000148413
47 - 4 | 0.000515766
47 - 5 | 0.000392892
47 - 6 | 0.000166678
47 - 7 | 2.62488e-07
47 - 8 | 0.000127203
47 - 9 | 0.000454542
47 - 10 | 0.000508833
47 - 11 | 0.000666212
47 - 12 | 0.000460519
47 - 13 | 5.09082e-05
47 - 14 | 3.3898e-07
47 - 15 | 7.41983e-05
47 - 16 | 0.000349317
47 - 17 | 0.000587077
47 - 18 | 0.000651816
47 - 19 | 0.000551879
47 - 20 | 0.000181897
47 - 21 | 1.56211e-06
47 - 22 | 9.30633e-05
47 - 23 | 0.000352359
47 - 24 | 0.000541635
47 - 25 | 0.000661507
47 - 26 | 0.000430918
47 - 27 | 0.000340325
47 - 28 | 0.000235333
47 - 29 | 1.2146e-06
47 - 30 | 3.69949e-05
47 - 31 | 0.000273198
47 - 32 | 0.000529466
47 - 33 | 0.000615081
47 - 34 | 0.000732498
47 - 35 | 0.000331434
47 - 36 | 0.000205684
47 - 37 | 0.000124479
47 - 38 | 3.60332e-07
47 - 39 | 8.44166e-05
47 - 40 | 0.000464366
47 - 41 | 0.000585028
47 - 42 | 0.000337907
47 - 43 | 0.0004164
47 - 44 | 0.000250467
47 - 45 | 8.06701e-05
47 - 46 | 1.08492e-06
47 - 47 | 6.91929e-05
47 - 48 | 0.000257709
47 - 49 | 0.000440198
47 - 50 | 0.000580208
47 - 51 | 0.000369833
47 - 52 | 0.000394596
47 - 53 | 0.000277751
47 - 54 | 0.000184328
47 - 55 | 0.000221389
47 - 56 | 8.23151e-05
47 - 57 | 2.80055e-06
47 - 58 | 9.29717e-05
47 - 59 | 0.000160798
47 - 60 | 0.000241256
47 - 61 | 0.000214985
47 - 62 | 8.39724e-05
47 - 63 | 0.000170733
47 - 64 | 0.00020161
47 - 65 | 0.000200091
47 - 66 | 9.12756e-06
48 - 0 | 0.000677223
48 - 1 | 0.000551411
48 - 2 | 7.2076e-07
48 - 3 | 0.000552762
48 - 4 | 0.00192097
48 - 5 | 0.00146333
48 - 6 | 0.000620793
48 - 7 | 9.77634e-07
48 - 8 | 0.000473768
48 - 9 | 0.00169294
48 - 10 | 0.00189515
48 - 11 | 0.0024813
48 - 12 | 0.0017152
48 - 13 | 0.000189607
48 - 14 | 1.26253e-06
48 - 15 | 0.000276351
48 - 16 | 0.00130103
48 - 17 | 0.00218657
48 - 18 | 0.00242769
48 - 19 | 0.00205547
48 - 20 | 0.000677473
48 - 21 | 5.81808e-06
48 - 22 | 0.000346614
48 - 23 | 0.00131236
48 - 24 | 0.00201732
48 - 25 | 0.00246378
48 - 26 | 0.00160495
48 - 27 | 0.00126754
48 - 28 | 0.000876498
48 - 29 | 4.52378e-06
48 - 30 | 0.000137787
48 - 31 | 0.00101752
48 - 32 | 0.00197199
48 - 33 | 0.00229087
48 - 34 | 0.00272819
48 - 35 | 0.00123443
48 - 36 | 0.000766068
48 - 37 | 0.00046362
48 - 38 | 1.34206e-06
48 - 39 | 0.000314409
48 - 40 | 0.00172953
48 - 41 | 0.00217893
48 - 42 | 0.00125853
48 - 43 | 0.00155088
48 - 44 | 0.000932863
48 - 45 | 0.000300455
48 - 46 | 4.04078e-06
48 - 47 | 0.000257709
48 - 48 | 0.000959834
48 - 49 | 0.00163952
48 - 50 | 0.00216098
48 - 51 | 0.00137744
48 - 52 | 0.00146967
48 - 53 | 0.00103448
48 - 54 | 0.000686529
48 - 55 | 0.000824562
48 - 56 | 0.000306582
48 - 57 | 1.04306e-05
48 - 58 | 0.000346273
48 - 59 | 0.000598892
48 - 60 | 0.000898556
48 - 61 | 0.00080071
48 - 62 | 0.000312755
48 - 63 | 0.000635895
48 - 64 | 0.000750896
48 - 65 | 0.000745239
48 - 66 | 3.39956e-05
49 - 0 | 0.00115678
49 - 1 | 0.000941877
49 - 2 | 1.23115e-06
49 - 3 | 0.000944187
49 - 4 | 0.00328125
49 - 5 | 0.00249954
49 - 6 | 0.00106039
49 - 7 | 1.66992e-06
49 - 8 | 0.000809254
49 - 9 | 0.00289175
49 - 10 | 0.00323714
49 - 11 | 0.00423837
49 - 12 | 0.00292977
49 - 13 | 0.000323873
49 - 14 | 2.15656e-06
49 - 15 | 0.000472042
49 - 16 | 0.00222232
49 - 17 | 0.00373492
49 - 18 | 0.00414679
49 - 19 | 0.003511
49 - 20 | 0.00115721
49 - 21 | 9.938e-06
49 - 22 | 0.00059206
49 - 23 | 0.00224168
49 - 24 | 0.00344583
49 - 25 | 0.00420844
49 - 26 | 0.00274146
49 - 27 | 0.00216511
49 - 28 | 0.00149717
49 - 29 | 7.72717e-06
49 - 30 | 0.000235358
49 - 31 | 0.00173806
49 - 32 | 0.00336841
49 - 33 | 0.00391309
49 - 34 | 0.00466008
49 - 35 | 0.00210855
49 - 36 | 0.00130854
49 - 37 | 0.00079192
49 - 38 | 2.2924e-06
49 - 39 | 0.00053705
49 - 40 | 0.00295425
49 - 41 | 0.00372189
49 - 42 | 0.00214973
49 - 43 | 0.0026491
49 - 44 | 0.00159344
49 - 45 | 0.000513215
49 - 46 | 6.90215e-06
49 - 47 | 0.000440198
49 - 48 | 0.00163952
49 - 49 | 0.0028005
49 - 50 | 0.00369122
49 - 51 | 0.00235284
49 - 52 | 0.00251038
49 - 53 | 0.00176702
49 - 54 | 0.00117268
49 - 55 | 0.00140845
49 - 56 | 0.00052368
49 - 57 | 1.78168e-05
49 - 58 | 0.000591477
49 - 59 | 0.00102298
49 - 60 | 0.00153484
49 - 61 | 0.00136771
49 - 62 | 0.000534224
49 - 63 | 0.00108619
49 - 64 | 0.00128262
49 - 65 | 0.00127296
49 - 66 | 5.80686e-05
50 - 0 | 0.00152471
50 - 1 | 0.00124145
50 - 2 | 1.62273e-06
50 - 3 | 0.00124449
50 - 4 | 0.00432488
50 - 5 | 0.00329455
50 - 6 | 0.00139766
50 - 7 | 2.20106e-06
50 - 8 | 0.00106665
50 - 9 | 0.0038115
50 - 10 | 0.00426675
50 - 11 | 0.00558643
50 - 12 | 0.00386162
50 - 13 | 0.000426884
50 - 14 | 2.84248e-06
50 - 15 | 0.00062218
50 - 16 | 0.00292915
50 - 17 | 0.00492286
50 - 18 | 0.00546572
50 - 19 | 0.00462771
50 - 20 | 0.00152527
50 - 21 | 1.30989e-05
50 - 22 | 0.00078037
50 - 23 | 0.00295466
50 - 24 | 0.00454181
50 - 25 | 0.00554698
50 - 26 | 0.00361341
50 - 27 | 0.00285375
50 - 28 | 0.00197335
50 - 29 | 1.01849e-05
50 - 30 | 0.000310216
50 - 31 | 0.00229086
50 - 32 | 0.00443977
50 - 33 | 0.00515768
50 - 34 | 0.00614226
50 - 35 | 0.0027792
50 - 36 | 0.00172473
50 - 37 | 0.0010438
50 - 38 | 3.02152e-06
50 - 39 | 0.000707864
50 - 40 | 0.00389388
50 - 41 | 0.00490567
50 - 42 | 0.00283348
50 - 43 | 0.00349167
50 - 44 | 0.00210026
50 - 45 | 0.000676448
50 - 46 | 9.09746e-06
50 - 47 | 0.000580208
50 - 48 | 0.00216098
50 - 49 | 0.00369122
50 - 50 | 0.00486525
50 - 51 | 0.00310119
50 - 52 | 0.00330884
50 - 53 | 0.00232904
50 - 54 | 0.00154566
50 - 55 | 0.00185643
50 - 56 | 0.000690242
50 - 57 | 2.34836e-05
50 - 58 | 0.000779602
50 - 59 | 0.00134835
50 - 60 | 0.00202302
50 - 61 | 0.00180273
50 - 62 | 0.000704139
50 - 63 | 0.00143166
50 - 64 | 0.00169057
50 - 65 | 0.00167784
50 - 66 | 7.65379e-05
51 - 0 | 0.000971871
51 - 1 | 0.00079132
51 - 2 | 1.03435e-06
51 - 3 | 0.00079326
51 - 4 | 0.00275675
51 - 5 | 0.00209999
51 - 6 | 0.00089089
51 - 7 | 1.40299e-06
51 - 8 | 0.000679896
51 - 9 | 0.00242951
51 - 10 | 0.00271969
51 - 11 | 0.00356087
51 - 12 | 0.00246145
51 - 13 | 0.000272102
51 - 14 | 1.81184e-06
51 - 15 | 0.000396587
51 - 16 | 0.00186708
51 - 17 | 0.0031379
51 - 18 | 0.00348393
51 - 19 | 0.00294977
51 - 20 | 0.00097223
51 - 21 | 8.34943e-06
51 - 22 | 0.00049742
51 - 23 | 0.00188335
51 - 24 | 0.00289502
51 - 25 | 0.00353573
51 - 26 | 0.00230324
51 - 27 | 0.00181902
51 - 28 | 0.00125785
51 - 29 | 6.492e-06
51 - 30 | 0.000197736
51 - 31 | 0.00146023
51 - 32 | 0.00282997
51 - 33 | 0.00328759
51 - 34 | 0.00391517
51 - 35 | 0.0017715
51 - 36 | 0.00109937
51 - 37 | 0.000665333
51 - 38 | 1.92596e-06
51 - 39 | 0.000451203
51 - 40 | 0.00248202
51 - 41 | 0.00312695
51 - 42 | 0.0018061
51 - 43 | 0.00222564
51 - 44 | 0.00133874
51 - 45 | 0.000431178
51 - 46 | 5.79886e-06
51 - 47 | 0.000369833
51 - 48 | 0.00137744
51 - 49 | 0.00235284
51 - 50 | 0.00310119
51 - 51 | 0.00197674
51 - 52 | 0.0021091
51 - 53 | 0.00148457
51 - 54 | 0.000985226
51 - 55 | 0.00118331
51 - 56 | 0.000439971
51 - 57 | 1.49688e-05
51 - 58 | 0.00049693
51 - 59 | 0.00085946
51 - 60 | 0.0012895
51 - 61 | 0.00114909
51 - 62 | 0.000448829
51 - 63 | 0.000912563
51 - 64 | 0.0010776
51 - 65 | 0.00106948
51 - 66 | 4.87864e-05
52 - 0 | 0.00103695
52 - 1 | 0.000844305
52 - 2 | 1.10361e-06
52 - 3 | 0.000846375
52 - 4 | 0.00294133
52 - 5 | 0.00224061
52 - 6 | 0.000950542
52 - 7 | 1.49693e-06
52 - 8 | 0.000725421
52 - 9 | 0.00259218
52 - 10 | 0.0029018
52 - 11 | 0.0037993
52 - 12 | 0.00262627
52 - 13 | 0.000290322
52 - 14 | 1.93315e-06
52 - 15 | 0.000423142
52 - 16 | 0.0019921
52 - 17 | 0.00334801
52 - 18 | 0.00371721
52 - 19 | 0.00314728
52 - 20 | 0.00103733
52 - 21 | 8.90849e-06
52 - 22 | 0.000530726
52 - 23 | 0.00200945
52 - 24 | 0.00308886
52 - 25 | 0.00377248
52 - 26 | 0.00245746
52 - 27 | 0.00194082
52 - 28 | 0.00134207
52 - 29 | 6.92669e-06
52 - 30 | 0.000210977
52 - 31 | 0.00155801
52 - 32 | 0.00301946
52 - 33 | 0.00350772
52 - 34 | 0.00417732
52 - 35 | 0.00189012
52 - 36 | 0.00117298
52 - 37 | 0.000709883
52 - 38 | 2.05492e-06
52 - 39 | 0.000481415
52 - 40 | 0.00264821
52 - 41 | 0.00333633
52 - 42 | 0.00192703
52 - 43 | 0.00237467
52 - 44 | 0.00142837
52 - 45 | 0.000460049
52 - 46 | 6.18714e-06
52 - 47 | 0.000394596
52 - 48 | 0.00146967
52 - 49 | 0.00251038
52 - 50 | 0.00330884
52 - 51 | 0.0021091
52 - 52 | 0.00225032
52 - 53 | 0.00158397
52 - 54 | 0.00105119
52 - 55 | 0.00126255
52 - 56 | 0.00046943
52 - 57 | 1.59711e-05
52 - 58 | 0.000530204
52 - 59 | 0.000917008
52 - 60 | 0.00137584
52 - 61 | 0.00122603
52 - 62 | 0.000478882
52 - 63 | 0.000973666
52 - 64 | 0.00114975
52 - 65 | 0.00114109
52 - 66 | 5.20531e-05
53 - 0 | 0.000729891
53 - 1 | 0.000594294
53 - 2 | 7.76815e-07
53 - 3 | 0.000595751
53 - 4 | 0.00207036
53 - 5 | 0.00157713
53 - 6 | 0.000669073
53 - 7 | 1.05367e-06
53 - 8 | 0.000510613
53 - 9 | 0.0018246
53 - 10 | 0.00204253
53 - 11 | 0.00267428
53 - 12 | 0.00184859
53 - 13 | 0.000204353
53 - 14 | 1.36072e-06
53 - 15 | 0.000297843
53 - 16 | 0.00140221
53 - 17 | 0.00235662
53 - 18 | 0.00261649
53 - 19 | 0.00221533
53 - 20 | 0.000730161
53 - 21 | 6.27056e-06
53 - 22 | 0.00037357
53 - 23 | 0.00141442
53 - 24 | 0.00217421
53 - 25 | 0.00265539
53 - 26 | 0.00172977
53 - 27 | 0.00136612
53 - 28 | 0.000944663
53 - 29 | 4.8756e-06
53 - 30 | 0.000148503
53 - 31 | 0.00109666
53 - 32 | 0.00212536
53 - 33 | 0.00246903
53 - 34 | 0.00294036
53 - 35 | 0.00133043
53 - 36 | 0.000825645
53 - 37 | 0.000499676
53 - 38 | 1.44643e-06
53 - 39 | 0.000338861
53 - 40 | 0.00186404
53 - 41 | 0.00234839
53 - 42 | 0.00135641
53 - 43 | 0.00167149
53 - 44 | 0.00100541
53 - 45 | 0.000323822
53 - 46 | 4.35504e-06
53 - 47 | 0.000277751
53 - 48 | 0.00103448
53 - 49 | 0.00176702
53 - 50 | 0.00232904
53 - 51 | 0.00148457
53 - 52 | 0.00158397
53 - 53 | 0.00111493
53 - 54 | 0.000739921
53 - 55 | 0.000888688
53 - 56 | 0.000330425
53 - 57 | 1.12418e-05
53 - 58 | 0.000373203
53 - 59 | 0.000645469
53 - 60 | 0.000968437
53 - 61 | 0.000862982
53 - 62 | 0.000337078
53 - 63 | 0.00068535
53 - 64 | 0.000809293
53 - 65 | 0.000803197
53 - 66 | 3.66394e-05
54 - 0 | 0.000484389
54 - 1 | 0.000394401
54 - 2 | 5.15529e-07
54 - 3 | 0.000395368
54 - 4 | 0.00137399
54 - 5 | 0.00104666
54 - 6 | 0.000444027
54 - 7 | 6.9926e-07
54 - 8 | 0.000338866
54 - 9 | 0.00121089
54 - 10 | 0.00135552
54 - 11 | 0.00177477
54 - 12 | 0.00122681
54 - 13 | 0.000135618
54 - 14 | 9.03035e-07
54 - 15 | 0.000197662
54 - 16 | 0.000930571
54 - 17 | 0.00156396
54 - 18 | 0.00173642
54 - 19 | 0.00147019
54 - 20 | 0.000484568
54 - 21 | 4.16143e-06
54 - 22 | 0.000247918
54 - 23 | 0.000938676
54 - 24 | 0.0014429
54 - 25 | 0.00176224
54 - 26 | 0.00114796
54 - 27 | 0.000906617
54 - 28 | 0.000626922
54 - 29 | 3.23567e-06
54 - 30 | 9.85536e-05
54 - 31 | 0.000727792
54 - 32 | 0.00141048
54 - 33 | 0.00163856
54 - 34 | 0.00195136
54 - 35 | 0.000882933
54 - 36 | 0.000547936
54 - 37 | 0.000331608
54 - 38 | 9.59916e-07
54 - 39 | 0.000224884
54 - 40 | 0.00123706
54 - 41 | 0.0015585
54 - 42 | 0.000900176
54 - 43 | 0.00110928
54 - 44 | 0.000667237
54 - 45 | 0.000214903
54 - 46 | 2.8902e-06
54 - 47 | 0.000184328
54 - 48 | 0.000686529
54 - 49 | 0.00117268
54 - 50 | 0.00154566
54 - 51 | 0.000985226
54 - 52 | 0.00105119
54 - 53 | 0.000739921
54 - 54 | 0.000491045
54 - 55 | 0.000589774
54 - 56 | 0.000219285
54 - 57 | 7.46059e-06
54 - 58 | 0.000247674
54 - 59 | 0.000428362
54 - 60 | 0.000642699
54 - 61 | 0.000572714
54 - 62 | 0.0002237
54 - 63 | 0.000454829
54 - 64 | 0.000537084
54 - 65 | 0.000533038
54 - 66 | 2.43156e-05
55 - 0 | 0.000581779
55 - 1 | 0.000473698
55 - 2 | 6.19181e-07
55 - 3 | 0.00047486
55 - 4 | 0.00165024
55 - 5 | 0.00125709
55 - 6 | 0.000533303
55 - 7 | 8.39853e-07
55 - 8 | 0.000406998
55 - 9 | 0.00145435
55 - 10 | 0.00162806
55 - 11 | 0.0021316
55 - 12 | 0.00147347
55 - 13 | 0.000162885
55 - 14 | 1.0846e-06
55 - 15 | 0.000237404
55 - 16 | 0.00111767
55 - 17 | 0.00187841
55 - 18 | 0.00208554
55 - 19 | 0.00176579
55 - 20 | 0.000581994
55 - 21 | 4.99812e-06
55 - 22 | 0.000297764
55 - 23 | 0.00112741
55 - 24 | 0.00173301
55 - 25 | 0.00211655
55 - 26 | 0.00137876
55 - 27 | 0.0010889
55 - 28 | 0.00075297
55 - 29 | 3.88623e-06
55 - 30 | 0.000118369
55 - 31 | 0.00087412
55 - 32 | 0.00169407
55 - 33 | 0.00196801
55 - 34 | 0.00234369
55 - 35 | 0.00106045
55 - 36 | 0.000658103
55 - 37 | 0.000398281
55 - 38 | 1.15292e-06
55 - 39 | 0.000270098
55 - 40 | 0.00148578
55 - 41 | 0.00187185
55 - 42 | 0.00108116
55 - 43 | 0.00133231
55 - 44 | 0.000801391
55 - 45 | 0.000258111
55 - 46 | 3.4713e-06
55 - 47 | 0.000221389
55 - 48 | 0.000824562
55 - 49 | 0.00140845
55 - 50 | 0.00185643
55 - 51 | 0.00118331
55 - 52 | 0.00126255
55 - 53 | 0.000888688
55 - 54 | 0.000589774
55 - 55 | 0.000708353
55 - 56 | 0.000263374
55 - 57 | 8.96061e-06
55 - 58 | 0.000297471
55 - 59 | 0.000514488
55 - 60 | 0.000771919
55 - 61 | 0.000687863
55 - 62 | 0.000268677
55 - 63 | 0.000546276
55 - 64 | 0.000645069
55 - 65 | 0.00064021
55 - 66 | 2.92044e-05
56 - 0 | 0.000216313
56 - 1 | 0.000176127
56 - 2 | 2.30219e-07
56 - 3 | 0.000176559
56 - 4 | 0.000613579
56 - 5 | 0.000467403
56 - 6 | 0.000198288
56 - 7 | 3.12268e-07
56 - 8 | 0.000151327
56 - 9 | 0.000540744
56 - 10 | 0.000605331
56 - 11 | 0.000792556
56 - 12 | 0.000547854
56 - 13 | 6.05628e-05
56 - 14 | 4.03267e-07
56 - 15 | 8.82698e-05
56 - 16 | 0.000415563
56 - 17 | 0.000698414
56 - 18 | 0.000775431
56 - 19 | 0.000656541
56 - 20 | 0.000216393
56 - 21 | 1.85836e-06
56 - 22 | 0.000110712
56 - 23 | 0.000419183
56 - 24 | 0.000644354
56 - 25 | 0.00078696
56 - 26 | 0.000512641
56 - 27 | 0.000404866
56 - 28 | 0.000279963
56 - 29 | 1.44495e-06
56 - 30 | 4.40109e-05
56 - 31 | 0.000325009
56 - 32 | 0.000629877
56 - 33 | 0.000731729
56 - 34 | 0.000871413
56 - 35 | 0.00039429
56 - 36 | 0.000244691
56 - 37 | 0.000148086
56 - 38 | 4.28668e-07
56 - 39 | 0.000100426
56 - 40 | 0.000552431
56 - 41 | 0.000695976
56 - 42 | 0.00040199
56 - 43 | 0.000495369
56 - 44 | 0.000297967
56 - 45 | 9.59689e-05
56 - 46 | 1.29067e-06
56 - 47 | 8.23151e-05
56 - 48 | 0.000306582
56 - 49 | 0.00052368
56 - 50 | 0.000690242
56 - 51 | 0.000439971
56 - 52 | 0.00046943
56 - 53 | 0.000330425
56 - 54 | 0.000219285
56 - 55 | 0.000263374
56 - 56 | 9.79258e-05
56 - 57 | 3.33166e-06
56 - 58 | 0.000110604
56 - 59 | 0.000191293
56 - 60 | 0.000287009
56 - 61 | 0.000255756
56 - 62 | 9.98975e-05
56 - 63 | 0.000203112
56 - 64 | 0.000239845
56 - 65 | 0.000238038
56 - 66 | 1.08586e-05
57 - 0 | 7.35946e-06
57 - 1 | 5.99224e-06
57 - 2 | 7.83259e-09
57 - 3 | 6.00693e-06
57 - 4 | 2.08754e-05
57 - 5 | 1.59021e-05
57 - 6 | 6.74623e-06
57 - 7 | 1.06241e-08
57 - 8 | 5.14849e-06
57 - 9 | 1.83974e-05
57 - 10 | 2.05948e-05
57 - 11 | 2.69646e-05
57 - 12 | 1.86393e-05
57 - 13 | 2.06049e-06
57 - 14 | 1.37201e-08
57 - 15 | 3.00314e-06
57 - 16 | 1.41384e-05
57 - 17 | 2.37617e-05
57 - 18 | 2.6382e-05
57 - 19 | 2.2337e-05
57 - 20 | 7.36218e-06
57 - 21 | 6.32258e-08
57 - 22 | 3.76669e-06
57 - 23 | 1.42616e-05
57 - 24 | 2.19224e-05
57 - 25 | 2.67742e-05
57 - 26 | 1.74412e-05
57 - 27 | 1.37745e-05
57 - 28 | 9.525e-06
57 - 29 | 4.91604e-08
57 - 30 | 1.49735e-06
57 - 31 | 1.10575e-05
57 - 32 | 2.14299e-05
57 - 33 | 2.48951e-05
57 - 34 | 2.96475e-05
57 - 35 | 1.34147e-05
57 - 36 | 8.32495e-06
57 - 37 | 5.03821e-06
57 - 38 | 1.45843e-08
57 - 39 | 3.41672e-06
57 - 40 | 1.8795e-05
57 - 41 | 2.36787e-05
57 - 42 | 1.36766e-05
57 - 43 | 1.68536e-05
57 - 44 | 1.01375e-05
57 - 45 | 3.26508e-06
57 - 46 | 4.39116e-08
57 - 47 | 2.80055e-06
57 - 48 | 1.04306e-05
57 - 49 | 1.78168e-05
57 - 50 | 2.34836e-05
57 - 51 | 1.49688e-05
57 - 52 | 1.59711e-05
57 - 53 | 1.12418e-05
57 - 54 | 7.46059e-06
57 - 55 | 8.96061e-06
57 - 56 | 3.33166e-06
57 - 57 | 1.13351e-07
57 - 58 | 3.76299e-06
57 - 59 | 6.50823e-06
57 - 60 | 9.76471e-06
57 - 61 | 8.70141e-06
57 - 62 | 3.39874e-06
57 - 63 | 6.91035e-06
57 - 64 | 8.16007e-06
57 - 65 | 8.0986e-06
57 - 66 | 3.69434e-07
58 - 0 | 0.000244317
58 - 1 | 0.000198929
58 - 2 | 2.60024e-07
58 - 3 | 0.000199416
58 - 4 | 0.000693014
58 - 5 | 0.000527914
58 - 6 | 0.000223959
58 - 7 | 3.52694e-07
58 - 8 | 0.000170918
58 - 9 | 0.00061075
58 - 10 | 0.000683699
58 - 11 | 0.000895162
58 - 12 | 0.000618781
58 - 13 | 6.84033e-05
58 - 14 | 4.55475e-07
58 - 15 | 9.96974e-05
58 - 16 | 0.000469363
58 - 17 | 0.000788832
58 - 18 | 0.00087582
58 - 19 | 0.000741538
58 - 20 | 0.000244407
58 - 21 | 2.09895e-06
58 - 22 | 0.000125046
58 - 23 | 0.000473452
58 - 24 | 0.000727774
58 - 25 | 0.000888842
58 - 26 | 0.000579008
58 - 27 | 0.000457281
58 - 28 | 0.000316208
58 - 29 | 1.63201e-06
58 - 30 | 4.97086e-05
58 - 31 | 0.000367085
58 - 32 | 0.000711423
58 - 33 | 0.000826461
58 - 34 | 0.000984229
58 - 35 | 0.000445335
58 - 36 | 0.000276369
58 - 37 | 0.000167257
58 - 38 | 4.84164e-07
58 - 39 | 0.000113427
58 - 40 | 0.00062395
58 - 41 | 0.000786079
58 - 42 | 0.000454033
58 - 43 | 0.000559501
58 - 44 | 0.000336542
58 - 45 | 0.000108393
58 - 46 | 1.45777e-06
58 - 47 | 9.29717e-05
58 - 48 | 0.000346273
58 - 49 | 0.000591477
58 - 50 | 0.000779602
58 - 51 | 0.00049693
58 - 52 | 0.000530204
58 - 53 | 0.000373203
58 - 54 | 0.000247674
58 - 55 | 0.000297471
58 - 56 | 0.000110604
58 - 57 | 3.76299e-06
58 - 58 | 0.000124922
58 - 59 | 0.000216058
58 - 60 | 0.000324166
58 - 61 | 0.000288867
58 - 62 | 0.00011283
58 - 63 | 0.000229408
58 - 64 | 0.000270895
58 - 65 | 0.000268855
58 - 66 | 1.22643e-05
59 - 0 | 0.000422556
59 - 1 | 0.000344055
59 - 2 | 4.49721e-07
59 - 3 | 0.000344898
59 - 4 | 0.0011986
59 - 5 | 0.000913048
59 - 6 | 0.000387346
59 - 7 | 6.09999e-07
59 - 8 | 0.000295609
59 - 9 | 0.00105632
59 - 10 | 0.00118248
59 - 11 | 0.00154822
59 - 12 | 0.00107021
59 - 13 | 0.000118306
59 - 14 | 7.87761e-07
59 - 15 | 0.00017243
59 - 16 | 0.000811782
59 - 17 | 0.00136432
59 - 18 | 0.00151476
59 - 19 | 0.00128252
59 - 20 | 0.000422712
59 - 21 | 3.63021e-06
59 - 22 | 0.000216271
59 - 23 | 0.000818853
59 - 24 | 0.00125871
59 - 25 | 0.00153729
59 - 26 | 0.00100142
59 - 27 | 0.000790886
59 - 28 | 0.000546894
59 - 29 | 2.82263e-06
59 - 30 | 8.5973e-05
59 - 31 | 0.000634888
59 - 32 | 0.00123043
59 - 33 | 0.0014294
59 - 34 | 0.00170226
59 - 35 | 0.000770225
59 - 36 | 0.000477991
59 - 37 | 0.000289278
59 - 38 | 8.37381e-07
59 - 39 | 0.000196177
59 - 40 | 0.00107915
59 - 41 | 0.00135955
59 - 42 | 0.000785267
59 - 43 | 0.000967678
59 - 44 | 0.000582063
59 - 45 | 0.00018747
59 - 46 | 2.52126e-06
59 - 47 | 0.000160798
59 - 48 | 0.000598892
59 - 49 | 0.00102298
59 - 50 | 0.00134835
59 - 51 | 0.00085946
59 - 52 | 0.000917008
59 - 53 | 0.000645469
59 - 54 | 0.000428362
59 - 55 | 0.000514488
59 - 56 | 0.000191293
59 - 57 | 6.50823e-06
59 - 58 | 0.000216058
59 - 59 | 0.000373681
59 - 60 | 0.000560657
59 - 61 | 0.000499606
59 - 62 | 0.000195145
59 - 63 | 0.000396769
59 - 64 | 0.000468524
59 - 65 | 0.000464995
59 - 66 | 2.12117e-05
60 - 0 | 0.000633987
60 - 1 | 0.000516207
60 - 2 | 6.74745e-07
60 - 3 | 0.000517473
60 - 4 | 0.00179833
60 - 5 | 0.0013699
60 - 6 | 0.00058116
60 - 7 | 9.15219e-07
60 - 8 | 0.000443521
60 - 9 | 0.00158486
60 - 10 | 0.00177416
60 - 11 | 0.00232289
60 - 12 | 0.0016057
60 - 13 | 0.000177502
60 - 14 | 1.18193e-06
60 - 15 | 0.000258708
60 - 16 | 0.00121797
60 - 17 | 0.00204697
60 - 18 | 0.0022727
60 - 19 | 0.00192424
60 - 20 | 0.000634221
60 - 21 | 5.44664e-06
60 - 22 | 0.000324485
60 - 23 | 0.00122858
60 - 24 | 0.00188853
60 - 25 | 0.00230649
60 - 26 | 0.00150249
60 - 27 | 0.00118662
60 - 28 | 0.000820539
60 - 29 | 4.23497e-06
60 - 30 | 0.000128991
60 - 31 | 0.000952562
60 - 32 | 0.0018461
60 - 33 | 0.00214461
60 - 34 | 0.00255401
60 - 35 | 0.00115562
60 - 36 | 0.00071716
60 - 37 | 0.000434021
60 - 38 | 1.25638e-06
60 - 39 | 0.000294336
60 - 40 | 0.00161911
60 - 41 | 0.00203982
60 - 42 | 0.00117819
60 - 43 | 0.00145187
60 - 44 | 0.000873306
60 - 45 | 0.000281274
60 - 46 | 3.78281e-06
60 - 47 | 0.000241256
60 - 48 | 0.000898556
60 - 49 | 0.00153484
60 - 50 | 0.00202302
60 - 51 | 0.0012895
60 - 52 | 0.00137584
60 - 53 | 0.000968437
60 - 54 | 0.000642699
60 - 55 | 0.000771919
60 - 56 | 0.000287009
60 - 57 | 9.76471e-06
60 - 58 | 0.000324166
60 - 59 | 0.000560657
60 - 60 | 0.00084119
60 - 61 | 0.000749591
60 - 62 | 0.000292788
60 - 63 | 0.000595298
60 - 64 | 0.000702956
60 - 65 | 0.000697661
60 - 66 | 3.18252e-05
61 - 0 | 0.000564951
61 - 1 | 0.000459996
61 - 2 | 6.01271e-07
61 - 3 | 0.000461124
61 - 4 | 0.0016025
61 - 5 | 0.00122073
61 - 6 | 0.000517876
61 - 7 | 8.15559e-07
61 - 8 | 0.000395225
61 - 9 | 0.00141228
61 - 10 | 0.00158096
61 - 11 | 0.00206994
61 - 12 | 0.00143085
61 - 13 | 0.000158174
61 - 14 | 1.05322e-06
61 - 15 | 0.000230537
61 - 16 | 0.00108534
61 - 17 | 0.00182407
61 - 18 | 0.00202522
61 - 19 | 0.00171471
61 - 20 | 0.00056516
61 - 21 | 4.85354e-06
61 - 22 | 0.000289151
61 - 23 | 0.00109479
61 - 24 | 0.00168288
61 - 25 | 0.00205533
61 - 26 | 0.00133888
61 - 27 | 0.0010574
61 - 28 | 0.000731189
61 - 29 | 3.77381e-06
61 - 30 | 0.000114945
61 - 31 | 0.000848835
61 - 32 | 0.00164507
61 - 33 | 0.00191108
61 - 34 | 0.0022759
61 - 35 | 0.00102978
61 - 36 | 0.000639066
61 - 37 | 0.00038676
61 - 38 | 1.11957e-06
61 - 39 | 0.000262285
61 - 40 | 0.0014428
61 - 41 | 0.0018177
61 - 42 | 0.00104989
61 - 43 | 0.00129377
61 - 44 | 0.00077821
61 - 45 | 0.000250645
61 - 46 | 3.37089e-06
61 - 47 | 0.000214985
61 - 48 | 0.00080071
61 - 49 | 0.00136771
61 - 50 | 0.00180273
61 - 51 | 0.00114909
61 - 52 | 0.00122603
61 - 53 | 0.000862982
61 - 54 | 0.000572714
61 - 55 | 0.000687863
61 - 56 | 0.000255756
61 - 57 | 8.70141e-06
61 - 58 | 0.000288867
61 - 59 | 0.000499606
61 - 60 | 0.000749591
61 - 61 | 0.000667966
61 - 62 | 0.000260905
61 - 63 | 0.000530475
61 - 64 | 0.00062641
61 - 65 | 0.000621691
61 - 66 | 2.83597e-05
62 - 0 | 0.000220668
62 - 1 | 0.000179673
62 - 2 | 2.34854e-07
62 - 3 | 0.000180113
62 - 4 | 0.000625933
62 - 5 | 0.000476814
62 - 6 | 0.000202281
62 - 7 | 3.18555e-07
62 - 8 | 0.000154374
62 - 9 | 0.000551632
62 - 10 | 0.000617519
62 - 11 | 0.000808514
62 - 12 | 0.000558885
62 - 13 | 6.17821e-05
62 - 14 | 4.11386e-07
62 - 15 | 9.0047e-05
62 - 16 | 0.00042393
62 - 17 | 0.000712476
62 - 18 | 0.000791043
62 - 19 | 0.00066976
62 - 20 | 0.00022075
62 - 21 | 1.89578e-06
62 - 22 | 0.000112942
62 - 23 | 0.000427623
62 - 24 | 0.000657328
62 - 25 | 0.000802805
62 - 26 | 0.000522962
62 - 27 | 0.000413018
62 - 28 | 0.0002856
62 - 29 | 1.47404e-06
62 - 30 | 4.4897e-05
62 - 31 | 0.000331552
62 - 32 | 0.000642559
62 - 33 | 0.000746462
62 - 34 | 0.000888959
62 - 35 | 0.000402229
62 - 36 | 0.000249617
62 - 37 | 0.000151067
62 - 38 | 4.37299e-07
62 - 39 | 0.000102448
62 - 40 | 0.000563554
62 - 41 | 0.000709989
62 - 42 | 0.000410084
62 - 43 | 0.000505343
62 - 44 | 0.000303966
62 - 45 | 9.79011e-05
62 - 46 | 1.31666e-06
62 - 47 | 8.39724e-05
62 - 48 | 0.000312755
62 - 49 | 0.000534224
62 - 50 | 0.000704139
62 - 51 | 0.000448829
62 - 52 | 0.000478882
62 - 53 | 0.000337078
62 - 54 | 0.0002237
62 - 55 | 0.000268677
62 - 56 | 9.98975e-05
62 - 57 | 3.39874e-06
62 - 58 | 0.00011283
62 - 59 | 0.000195145
62 - 60 | 0.000292788
62 - 61 | 0.000260905
62 - 62 | 0.000101909
62 - 63 | 0.000207202
62 - 64 | 0.000244674
62 - 65 | 0.000242831
62 - 66 | 1.10772e-05
63 - 0 | 0.000448664
63 - 1 | 0.000365312
63 - 2 | 4.77508e-07
63 - 3 | 0.000366208
63 - 4 | 0.00127265
63 - 5 | 0.000969461
63 - 6 | 0.000411279
63 - 7 | 6.47688e-07
63 - 8 | 0.000313874
63 - 9 | 0.00112158
63 - 10 | 0.00125554
63 - 11 | 0.00164388
63 - 12 | 0.00113633
63 - 13 | 0.000125616
63 - 14 | 8.36434e-07
63 - 15 | 0.000183084
63 - 16 | 0.000861939
63 - 17 | 0.00144861
63 - 18 | 0.00160836
63 - 19 | 0.00136176
63 - 20 | 0.00044883
63 - 21 | 3.85451e-06
63 - 22 | 0.000229634
63 - 23 | 0.000869446
63 - 24 | 0.00133648
63 - 25 | 0.00163227
63 - 26 | 0.00106329
63 - 27 | 0.000839751
63 - 28 | 0.000580684
63 - 29 | 2.99703e-06
63 - 30 | 9.12849e-05
63 - 31 | 0.000674115
63 - 32 | 0.00130646
63 - 33 | 0.00151771
63 - 34 | 0.00180744
63 - 35 | 0.000817814
63 - 36 | 0.000507524
63 - 37 | 0.000307151
63 - 38 | 8.89119e-07
63 - 39 | 0.000208298
63 - 40 | 0.00114582
63 - 41 | 0.00144356
63 - 42 | 0.000833785
63 - 43 | 0.00102747
63 - 44 | 0.000618027
63 - 45 | 0.000199053
63 - 46 | 2.67704e-06
63 - 47 | 0.000170733
63 - 48 | 0.000635895
63 - 49 | 0.00108619
63 - 50 | 0.00143166
63 - 51 | 0.000912563
63 - 52 | 0.000973666
63 - 53 | 0.00068535
63 - 54 | 0.000454829
63 - 55 | 0.000546276
63 - 56 | 0.000203112
63 - 57 | 6.91035e-06
63 - 58 | 0.000229408
63 - 59 | 0.000396769
63 - 60 | 0.000595298
63 - 61 | 0.000530475
63 - 62 | 0.000207202
63 - 63 | 0.000421284
63 - 64 | 0.000497472
63 - 65 | 0.000493725
63 - 66 | 2.25222e-05
64 - 0 | 0.000529803
64 - 1 | 0.000431378
64 - 2 | 5.63864e-07
64 - 3 | 0.000432436
64 - 4 | 0.00150281
64 - 5 | 0.00114479
64 - 6 | 0.000485658
64 - 7 | 7.64821e-07
64 - 8 | 0.000370637
64 - 9 | 0.00132442
64 - 10 | 0.00148261
64 - 11 | 0.00194117
64 - 12 | 0.00134183
64 - 13 | 0.000148333
64 - 14 | 9.87701e-07
64 - 15 | 0.000216195
64 - 16 | 0.00101782
64 - 17 | 0.00171059
64 - 18 | 0.00189922
64 - 19 | 0.00160803
64 - 20 | 0.000529999
64 - 21 | 4.55159e-06
64 - 22 | 0.000271162
64 - 23 | 0.00102668
64 - 24 | 0.00157818
64 - 25 | 0.00192746
64 - 26 | 0.00125558
64 - 27 | 0.000991618
64 - 28 | 0.0006857
64 - 29 | 3.53903e-06
64 - 30 | 0.000107794
64 - 31 | 0.000796027
64 - 32 | 0.00154273
64 - 33 | 0.00179219
64 - 34 | 0.00213431
64 - 35 | 0.000965714
64 - 36 | 0.000599308
64 - 37 | 0.000362698
64 - 38 | 1.04991e-06
64 - 39 | 0.000245968
64 - 40 | 0.00135304
64 - 41 | 0.00170462
64 - 42 | 0.000984574
64 - 43 | 0.00121328
64 - 44 | 0.000729795
64 - 45 | 0.000235052
64 - 46 | 3.16118e-06
64 - 47 | 0.00020161
64 - 48 | 0.000750896
64 - 49 | 0.00128262
64 - 50 | 0.00169057
64 - 51 | 0.0010776
64 - 52 | 0.00114975
64 - 53 | 0.000809293
64 - 54 | 0.000537084
64 - 55 | 0.000645069
64 - 56 | 0.000239845
64 - 57 | 8.16007e-06
64 - 58 | 0.000270895
64 - 59 | 0.000468524
64 - 60 | 0.000702956
64 - 61 | 0.00062641
64 - 62 | 0.000244674
64 - 63 | 0.000497472
64 - 64 | 0.000587439
64 - 65 | 0.000583014
64 - 66 | 2.65953e-05
65 - 0 | 0.000525813
65 - 1 | 0.000428129
65 - 2 | 5.59616e-07
65 - 3 | 0.000429179
65 - 4 | 0.00149149
65 - 5 | 0.00113616
65 - 6 | 0.000481999
65 - 7 | 7.5906e-07
65 - 8 | 0.000367845
65 - 9 | 0.00131444
65 - 10 | 0.00147144
65 - 11 | 0.00192654
65 - 12 | 0.00133172
65 - 13 | 0.000147216
65 - 14 | 9.80261e-07
65 - 15 | 0.000214566
65 - 16 | 0.00101015
65 - 17 | 0.0016977
65 - 18 | 0.00188492
65 - 19 | 0.00159592
65 - 20 | 0.000526007
65 - 21 | 4.5173e-06
65 - 22 | 0.00026912
65 - 23 | 0.00101895
65 - 24 | 0.0015663
65 - 25 | 0.00191294
65 - 26 | 0.00124613
65 - 27 | 0.000984149
65 - 28 | 0.000680535
65 - 29 | 3.51237e-06
65 - 30 | 0.000106982
65 - 31 | 0.000790031
65 - 32 | 0.00153111
65 - 33 | 0.00177869
65 - 34 | 0.00211823
65 - 35 | 0.000958439
65 - 36 | 0.000594794
65 - 37 | 0.000359966
65 - 38 | 1.04201e-06
65 - 39 | 0.000244115
65 - 40 | 0.00134285
65 - 41 | 0.00169178
65 - 42 | 0.000977157
65 - 43 | 0.00120414
65 - 44 | 0.000724298
65 - 45 | 0.000233281
65 - 46 | 3.13736e-06
65 - 47 | 0.000200091
65 - 48 | 0.000745239
65 - 49 | 0.00127296
65 - 50 | 0.00167784
65 - 51 | 0.00106948
65 - 52 | 0.00114109
65 - 53 | 0.000803197
65 - 54 | 0.000533038
65 - 55 | 0.00064021
65 - 56 | 0.000238038
65 - 57 | 8.0986e-06
65 - 58 | 0.000268855
65 - 59 | 0.000464995
65 - 60 | 0.000697661
65 - 61 | 0.000621691
65 - 62 | 0.000242831
65 - 63 | 0.000493725
65 - 64 | 0.000583014
65 - 65 | 0.000578622
65 - 66 | 2.6395e-05
66 - 0 | 2.3986e-05
66 - 1 | 1.95299e-05
66 - 2 | 2.5528e-08
66 - 3 | 1.95778e-05
66 - 4 | 6.80371e-05
66 - 5 | 5.18283e-05
66 - 6 | 2.19873e-05
66 - 7 | 3.4626e-08
66 - 8 | 1.678e-05
66 - 9 | 5.99608e-05
66 - 10 | 6.71226e-05
66 - 11 | 8.78831e-05
66 - 12 | 6.07492e-05
66 - 13 | 6.71554e-06
66 - 14 | 4.47165e-08
66 - 15 | 9.78785e-06
66 - 16 | 4.608e-05
66 - 17 | 7.74441e-05
66 - 18 | 8.59841e-05
66 - 19 | 7.2801e-05
66 - 20 | 2.39948e-05
66 - 21 | 2.06066e-07
66 - 22 | 1.22764e-05
66 - 23 | 4.64814e-05
66 - 24 | 7.14496e-05
66 - 25 | 8.72626e-05
66 - 26 | 5.68445e-05
66 - 27 | 4.48939e-05
66 - 28 | 3.10439e-05
66 - 29 | 1.60224e-07
66 - 30 | 4.88018e-06
66 - 31 | 3.60388e-05
66 - 32 | 6.98444e-05
66 - 33 | 8.11383e-05
66 - 34 | 9.66272e-05
66 - 35 | 4.37211e-05
66 - 36 | 2.71327e-05
66 - 37 | 1.64206e-05
66 - 38 | 4.75331e-08
66 - 39 | 1.11358e-05
66 - 40 | 6.12567e-05
66 - 41 | 7.71738e-05
66 - 42 | 4.45749e-05
66 - 43 | 5.49293e-05
66 - 44 | 3.30403e-05
66 - 45 | 1.06416e-05
66 - 46 | 1.43117e-07
66 - 47 | 9.12756e-06
66 - 48 | 3.39956e-05
66 - 49 | 5.80686e-05
66 - 50 | 7.65379e-05
66 - 51 | 4.87864e-05
66 - 52 | 5.20531e-05
66 - 53 | 3.66394e-05
66 - 54 | 2.43156e-05
66 - 55 | 2.92044e-05
66 - 56 | 1.08586e-05
66 - 57 | 3.69434e-07
66 - 58 | 1.22643e-05
66 - 59 | 2.12117e-05
66 - 60 | 3.18252e-05
66 - 61 | 2.83597e-05
66 - 62 | 1.10772e-05
66 - 63 | 2.25222e-05
66 - 64 | 2.65953e-05
66 - 65 | 2.6395e-05
66 - 66 | 1.20406e-06
