1 0.82 0.81 0.81 0.74 0.7 0.63 0.49 0.65 0.52 0.52 0.5 0.45 0.33
0.82 1 0.83 0.82 0.77 0.75 0.69 0.58 0.71 0.58 0.57 0.56 0.5 0.36
0.81 0.83 1 0.86 0.81 0.8 0.74 0.62 0.75 0.59 0.59 0.58 0.52 0.36
0.81 0.82 0.86 1 0.84 0.82 0.77 0.65 0.75 0.58 0.6 0.59 0.52 0.37
0.74 0.77 0.81 0.84 1 0.85 0.79 0.66 0.73 0.55 0.56 0.55 0.5 0.38
0.7 0.75 0.8 0.82 0.85 1 0.8 0.68 0.75 0.56 0.57 0.56 0.51 0.38
0.63 0.69 0.74 0.77 0.79 0.8 1 0.74 0.75 0.6 0.6 0.58 0.52 0.39
0.49 0.58 0.62 0.65 0.66 0.68 0.74 1 0.74 0.62 0.65 0.61 0.53 0.42
0.65 0.71 0.75 0.75 0.73 0.75 0.75 0.74 1 0.68 0.7 0.68 0.61 0.46
0.52 0.58 0.59 0.58 0.55 0.56 0.6 0.62 0.68 1 0.61 0.59 0.51 0.38
0.52 0.57 0.59 0.6 0.56 0.57 0.6 0.65 0.7 0.61 1 0.65 0.56 0.43
0.5 0.56 0.58 0.59 0.55 0.56 0.58 0.61 0.68 0.59 0.65 1 0.56 0.41
0.45 0.5 0.52 0.52 0.5 0.51 0.52 0.53 0.61 0.51 0.56 0.56 1 0.42
0.33 0.36 0.36 0.37 0.38 0.38 0.39 0.42 0.46 0.38 0.43 0.41 0.42 1
