0      0.032  0.009      0.035  0.008      0.912  0.215
1      3.199  0.799      2.288  0.401      1.423  0.267
2      9.318  1.564      7.117  1.031      1.321  0.161
3      5.323  1.092      4.482  0.724      1.204  0.220
4      0.008  0.002      0.008  0.002      1.108  0.285
5      1.811  0.587      1.931  0.395      0.964  0.346
6     10.323  1.935      7.845  1.189      1.335  0.215
7     10.657  1.878      9.492  1.519      1.138  0.201
8      7.335  1.220      6.671  0.983      1.113  0.178
9      0.025  0.005      0.019  0.004      1.314  0.260
10      1.774  0.563      2.047  0.390      0.886  0.335
11     11.144  1.946      7.769  1.147      1.458  0.205
12     10.898  2.031      9.761  1.391      1.130  0.198
13      9.832  1.601      7.156  1.158      1.402  0.205
14      5.147  0.927      4.686  0.721      1.117  0.211
15      0.031  0.007      0.026  0.005      1.266  0.351
16      2.544  0.626      2.623  0.451      0.984  0.252
17      9.156  2.068      9.217  1.407      1.014  0.266
18      9.140  1.636      7.880  1.315      1.183  0.222
19      5.786  1.068      5.405  0.794      1.086  0.207
20      0.086  0.016      0.065  0.010      1.335  0.234
21      2.264  0.454      1.409  0.299      1.640  0.266
22      4.742  1.354      5.200  1.010      0.944  0.344
23      4.368  0.948      6.080  0.914      0.730  0.249
24      2.724  0.740      4.592  0.749      0.599  0.272
25      3.553  0.600      3.101  0.438      1.159  0.176
26      2.751  0.449      2.219  0.318      1.251  0.156
27      1.861  0.341      1.686  0.265      1.114  0.167
28      0.076  0.018      0.075  0.014      1.023  0.216
