0      0.031  0.010      0.036  0.008      0.860  0.281
1      3.226  1.038      2.281  0.410      1.437  0.361
2      9.561  2.154      7.079  1.067      1.371  0.244
3      5.786  1.603      4.485  0.814      1.323  0.329
4      0.008  0.003      0.008  0.002      1.037  0.492
5      1.819  0.702      1.954  0.413      0.967  0.426
6     10.754  2.440      7.762  1.251      1.413  0.288
7      9.669  2.577      9.621  1.755      1.036  0.335
8      7.323  1.740      6.760  1.107      1.108  0.278
9      0.028  0.009      0.019  0.004      1.547  0.459
10      1.533  0.565      2.087  0.407      0.758  0.409
11     11.922  2.411      7.570  1.167      1.607  0.247
12      9.715  2.753     10.120  1.600      0.985  0.328
13     10.824  2.773      6.707  1.320      1.648  0.371
14      4.921  1.580      4.970  0.930      1.031  0.393
15      0.032  0.010      0.025  0.006      1.379  0.516
16      2.467  0.667      2.647  0.470      0.950  0.293
17      9.132  2.868      9.284  1.554      1.016  0.382
18      9.146  2.968      7.782  1.516      1.223  0.406
19      5.611  1.588      5.473  0.904      1.056  0.341
20      0.088  0.019      0.065  0.010      1.382  0.298
21      2.253  0.504      1.406  0.312      1.639  0.324
22      4.822  1.804      5.151  1.062      0.988  0.458
23      4.490  1.229      6.069  0.966      0.758  0.320
24      1.987  1.053      4.828  0.904      0.426  0.564
25      3.765  0.780      3.030  0.435      1.261  0.233
26      2.785  0.585      2.206  0.325      1.280  0.225
27      1.938  0.507      1.690  0.283      1.170  0.284
28      0.071  0.022      0.075  0.014      0.971  0.316
