0.00 36.2E-45 6.7E-45
0.05 55.8E-45 7.8E-45
0.10 56.1E-45 7.5E-45
0.15 53.4E-45 7.0E-45
0.20 47.8E-45 6.4E-45
0.25 43.2E-45 5.9E-45
0.30 38.8E-45 5.3E-45
0.35 34.1E-45 4.8E-45
0.40 30.3E-45 4.3E-45
0.45 26.1E-45 3.7E-45
0.50 22.9E-45 3.3E-45
0.55 19.8E-45 2.9E-45
0.60 17.3E-45 2.5E-45
0.65 14.8E-45 2.1E-45
0.70 12.9E-45 1.9E-45
0.75 11.0E-45 1.7E-45
0.80 9.3E-45 1.4E-45
0.85 8.0E-45 1.3E-45
0.90 6.8E-45 1.1E-45
0.95 5.3E-45 1.0E-45
1.05 3.9E-45 0.7E-45
1.15 2.5E-45 0.5E-45
1.30 1.4E-45 0.4E-45
1.50 0.0E-45 0.0E-45
