150  
200  
250  
300  
350  
400  
450  
500  
550  
600  
650  
700  
750  
800  
850   
900   
950  
1000  
1100  
1200 0.95 
| 23.0 | 26.1 | 32.1 | 38.5 | 42.8 | 47.9 | 55.8 | 58.2 | 59.8 | 63.7 | 65.8 | 69.3 | 71.5 | 65.9 | 58.5 | 59.3 | 56.0 | 48.4 | 43.3 | 27.7
0.90 | 30.5 | 35.8 | 41.3 | 46.7 | 55.0 | 59.5 | 64.3 | 70.8 | 70.3 | 72.6 | 73.3 | 65.0 | 65.7 | 59.4 | 58.0 | 50.8 | 46.4 | 38.3 | 28.1 | 12.6
0.85 | 31.7 | 37.0 | 44.8 | 50.9 | 58.7 | 70.2 | 67.6 | 67.5 | 70.4 | 71.4 | 69.5 | 56.0 | 52.7 | 49.3 | 42.3 | 36.1 | 27.3 | 19.8 | 12.9 |  5.7
0.80 | 31.7 | 39.1 | 43.4 | 53.8 | 63.6 | 62.5 | 64.7 | 67.3 | 61.7 | 57.2 | 55.3 | 45.4 | 37.1 | 33.6 | 25.1 | 19.9 | 15.5 |  9.0 |      |     
0.75 | 33.7 | 40.0 | 45.5 | 53.3 | 57.3 | 58.6 | 58.5 | 60.4 | 53.0 | 44.9 | 37.0 | 33.1 | 25.8 | 18.7 | 13.7 |      |      |      |      |     
0.70 | 37.8 | 40.5 | 48.6 | 58.5 | 57.3 | 58.2 | 53.8 | 52.4 | 42.4 | 35.5 | 28.8 | 22.0 | 15.4 | 12.3 |      |      |      |      |      |     
0.65 | 35.9 | 41.7 | 46.8 | 50.6 | 56.1 | 49.2 | 44.8 | 38.4 | 29.6 | 23.5 | 16.9 | 14.1 | 10.0 |      |      |      |      |      |      |     
0.60 | 33.5 | 43.3 | 47.0 | 47.1 | 51.6 | 51.1 | 40.6 | 31.0 | 25.0 | 16.7 | 11.5 |  8.5 |      |      |      |      |      |      |      |     
0.55 | 35.0 | 41.7 | 46.1 | 49.4 | 42.3 | 37.3 | 33.2 | 24.1 | 17.1 | 11.1 |      |      |      |      |      |      |      |      |      |     
0.50 | 32.8 | 38.3 | 44.2 | 44.2 | 39.5 | 33.6 | 26.1 | 15.9 | 11.8 |      |      |      |      |      |      |      |      |      |      |     
0.45 | 32.8 | 37.8 | 39.0 | 39.1 | 32.8 | 25.8 | 17.9 | 13.3 |  8.8 |      |      |      |      |      |      |      |      |      |      |     
0.40 | 32.5 | 38.1 | 42.3 | 37.7 | 28.9 | 22.4 | 14.9 |  9.2 |      |      |      |      |      |      |      |      |      |      |      |     
0.35 | 36.9 | 40.5 | 36.9 | 31.6 | 27.1 | 17.0 | 12.1 |      |      |      |      |      |      |      |      |      |      |      |      |     
0.30 | 31.1 | 34.7 | 29.9 | 28.8 | 20.9 | 12.3 |      |      |      |      |      |      |      |      |      |      |      |      |      |     
0.25 | 30.2 | 31.8 | 30.2 | 22.9 | 17.9 | 11.2 |      |      |      |      |      |      |      |      |      |      |      |      |      |     
0.20 | 27.2 | 31.6 | 27.1 | 22.3 | 14.2 | 10.6 |      |      |      |      |      |      |      |      |      |      |      |      |      |     
0.15 | 26.2 | 26.8 | 23.1 | 18.4 |  9.4 |      |      |      |      |      |      |      |      |      |      |      |      |      |      |     
0.10 | 25.3 | 25.3 | 21.3 | 15.6 |      |      |      |      |      |      |      |      |      |      |      |      |      |      |      |     
0.05 | 24.7 | 25.4 | 20.6 | 13.3 |      |      |      |      |      |      |      |      |      |      |      |      |      |      |      |     
0.00 | 24.5 | 23.1 | 17.6 | 10.3 |      |      |      |      |      |      |      |      |      |      |      |      |      |      |      |     
-0.05 | 24.6 | 18.6 | 13.1 |      |      |      |      |      |      |      |      |      |      |      |      |      |      |      |      |     
-0.10 | 21.3 | 17.9 | 12.4 |      |      |      |      |      |      |      |      |      |      |      |      |      |      |      |      |     
-0.20 | 21.0 | 16.7 | 10.2 |  5.4 |      |      |      |      |      |      |      |      |      |      |      |      |      |      |      |     
-0.30 | 17.5 | 12.3 |  5.7 |      |      |      |      |      |      |      |      |      |      |      |      |      |      |      |      |     
-0.40 | 14.7 | 10.2 |  6.0 |      |      |      |      |      |      |      |      |      |      |      |      |      |      |      |      |     
-0.50 | 13.1 |  8.3 |      |      |      |      |      |      |      |      |      |      |      |      |      |      |      |      |      |     
-0.60 | 11.6 |  5.7 |      |      |      |      |      |      |      |      |      |      |      |      |      |      |      |      |      |     
-0.80 |  8.5 |  3.0 |      |      |      |      |      |      |      |      |      |      |      |      |      |      |      |      |      |     
-1.00 |  3.9 |      |      |      |      |      |      |      |      |      |      |      |      |      |      |      |      |      |      |     
