0.500 0.61E-38 0.08E-38
0.600 1.15E-38 0.13E-38
0.650 1.58E-38 0.17E-38
0.700 1.96E-38 0.21E-38
0.750 2.41E-38 0.25E-38
0.800 2.83E-38 0.29E-38
0.850 3.25E-38 0.33E-38
0.900 3.73E-38 0.39E-38
0.950 4.16E-38 0.44E-38
1.000 4.66E-38 0.50E-38
1.050 4.97E-38 0.56E-38
1.100 5.29E-38 0.61E-38
1.150 5.63E-38 0.70E-38
1.200 5.91E-38 0.76E-38
1.250 6.23E-38 0.84E-38
1.300 6.67E-38 0.94E-38
1.350 7.03E-38 1.05E-38
1.400 7.23E-38 1.14E-38
1.450 7.76E-38 1.28E-38
1.500 8.08E-38 1.39E-38
1.550 8.37E-38 1.49E-38
1.600 8.64E-38 1.59E-38
1.650 8.85E-38 1.69E-38
1.700 9.30E-38 1.85E-38
1.750 9.26E-38 1.93E-38
1.800 9.71E-38 2.14E-38
1.900 9.92E-38 2.37E-38
2.000 0.00E-00 0.00E-00
