-1.0000 4.8551e-01 1.1225e-01
0.1516 1.5363e+00 3.4489e-01
0.5282 2.4501e+00 5.2417e-01
0.7320 4.4145e+00 9.4549e-01
0.8446 8.5400e+00 1.8276e+00
0.9122 1.3850e+01 2.9848e+00
0.9518 1.9955e+01 4.3327e+00
0.9780 1.9275e+01 4.2999e+00
1.0000 1.2768e+00 3.0769e-01
1.4194 2.1033e+00 4.4303e-01
1.6372 2.4102e+00 5.2486e-01
1.8074 3.2818e+00 7.0927e-01
1.9576 3.1327e+00 7.0664e-01
2.0814 3.3652e+00 7.6410e-01
2.2018 3.1212e+00 7.1353e-01
2.3286 2.1386e+00 4.9577e-01
2.4878 1.7753e+00 3.9329e-01
2.7016 1.3445e+00 3.0260e-01
3.0000 0.0000e+00 0.0000e+00
