1.2599e-02 2.6129e-02 3.7555e-02 6.5734e-02 1.1998e-01 1.8988e-01 2.7197e-01 2.5907e-01 2.4373e-02 3.0766e-02 3.6106e-02 4.7349e-02 4.6069e-02 4.8967e-02 4.5864e-02 3.1954e-02 2.5428e-02 2.0271e-02
2.6129e-02 1.1895e-01 1.1718e-01 2.0749e-01 3.8839e-01 6.3270e-01 9.0744e-01 8.8464e-01 7.3967e-02 9.6490e-02 1.1361e-01 1.5264e-01 1.4853e-01 1.5924e-01 1.5253e-01 1.0698e-01 8.3904e-02 6.5112e-02
3.7555e-02 1.1718e-01 2.7475e-01 3.1875e-01 6.2102e-01 9.9928e-01 1.4528e+00 1.4162e+00 1.0452e-01 1.4686e-01 1.7615e-01 2.3578e-01 2.2989e-01 2.5209e-01 2.3506e-01 1.6208e-01 1.3113e-01 1.0009e-01
6.5734e-02 2.0749e-01 3.1875e-01 8.9396e-01 1.1003e+00 1.8397e+00 2.6448e+00 2.5807e+00 1.7788e-01 2.5852e-01 3.1357e-01 4.2566e-01 4.2077e-01 4.4893e-01 4.2052e-01 2.8821e-01 2.3459e-01 1.8295e-01
1.1998e-01 3.8839e-01 6.2102e-01 1.1003e+00 3.3403e+00 3.5110e+00 5.1903e+00 5.1184e+00 3.3529e-01 5.0019e-01 6.0987e-01 8.2104e-01 8.0610e-01 8.9548e-01 8.1514e-01 5.7195e-01 4.6028e-01 3.5291e-01
1.8988e-01 6.3270e-01 9.9928e-01 1.8397e+00 3.5110e+00 8.9091e+00 8.4288e+00 8.5263e+00 5.3527e-01 8.0707e-01 9.7658e-01 1.3518e+00 1.3183e+00 1.4433e+00 1.3519e+00 9.4631e-01 7.5491e-01 5.7447e-01
2.7197e-01 9.0744e-01 1.4528e+00 2.6448e+00 5.1903e+00 8.4288e+00 1.8772e+01 1.2157e+01 7.7234e-01 1.1694e+00 1.4166e+00 1.9537e+00 1.9012e+00 2.0885e+00 1.9727e+00 1.3862e+00 1.0950e+00 8.2743e-01
2.5907e-01 8.8464e-01 1.4162e+00 2.5807e+00 5.1184e+00 8.5263e+00 1.2157e+01 1.8489e+01 7.4607e-01 1.1472e+00 1.3991e+00 1.9074e+00 1.8855e+00 2.0690e+00 1.9397e+00 1.3492e+00 1.0867e+00 8.3906e-01
2.4373e-02 7.3967e-02 1.0452e-01 1.7788e-01 3.3529e-01 5.3527e-01 7.7234e-01 7.4607e-01 9.4673e-02 8.0737e-02 9.7882e-02 1.2900e-01 1.2606e-01 1.3621e-01 1.2892e-01 8.9944e-02 7.1016e-02 5.5918e-02
3.0766e-02 9.6490e-02 1.4686e-01 2.5852e-01 5.0019e-01 8.0707e-01 1.1694e+00 1.1472e+00 8.0737e-02 1.9628e-01 1.3649e-01 1.9306e-01 1.8497e-01 2.0154e-01 1.8489e-01 1.2844e-01 1.0428e-01 8.0629e-02
3.6106e-02 1.1361e-01 1.7615e-01 3.1357e-01 6.0987e-01 9.7658e-01 1.4166e+00 1.3991e+00 9.7882e-02 1.3649e-01 2.7548e-01 2.1388e-01 2.2870e-01 2.3916e-01 2.2350e-01 1.5628e-01 1.2718e-01 9.7945e-02
4.7349e-02 1.5264e-01 2.3578e-01 4.2566e-01 8.2104e-01 1.3518e+00 1.9537e+00 1.9074e+00 1.2900e-01 1.9306e-01 2.1388e-01 5.0306e-01 2.7645e-01 3.3703e-01 3.0849e-01 2.1208e-01 1.7127e-01 1.3200e-01
4.6069e-02 1.4853e-01 2.2989e-01 4.2077e-01 8.0610e-01 1.3183e+00 1.9012e+00 1.8855e+00 1.2606e-01 1.8497e-01 2.2870e-01 2.7645e-01 4.9934e-01 2.8993e-01 3.1560e-01 2.1063e-01 1.6691e-01 1.2604e-01
4.8967e-02 1.5924e-01 2.5209e-01 4.4893e-01 8.9548e-01 1.4433e+00 2.0885e+00 2.0690e+00 1.3621e-01 2.0154e-01 2.3916e-01 3.3703e-01 2.8993e-01 5.8385e-01 3.0179e-01 2.3983e-01 1.8337e-01 1.3787e-01
4.5864e-02 1.5253e-01 2.3506e-01 4.2052e-01 8.1514e-01 1.3519e+00 1.9727e+00 1.9397e+00 1.2892e-01 1.8489e-01 2.2350e-01 3.0849e-01 3.1560e-01 3.0179e-01 5.0913e-01 1.9846e-01 1.7424e-01 1.3037e-01
3.1954e-02 1.0698e-01 1.6208e-01 2.8821e-01 5.7195e-01 9.4631e-01 1.3862e+00 1.3492e+00 8.9944e-02 1.2844e-01 1.5628e-01 2.1208e-01 2.1063e-01 2.3983e-01 1.9846e-01 2.4579e-01 1.1225e-01 8.9726e-02
2.5428e-02 8.3904e-02 1.3113e-01 2.3459e-01 4.6028e-01 7.5491e-01 1.0950e+00 1.0867e+00 7.1016e-02 1.0428e-01 1.2718e-01 1.7127e-01 1.6691e-01 1.8337e-01 1.7424e-01 1.1225e-01 1.5468e-01 7.3438e-02
2.0271e-02 6.5112e-02 1.0009e-01 1.8295e-01 3.5291e-01 5.7447e-01 8.2743e-01 8.3906e-01 5.5918e-02 8.0629e-02 9.7945e-02 1.3200e-01 1.2604e-01 1.3787e-01 1.3037e-01 8.9726e-02 7.3438e-02 9.1564e-02
