    0       0       0       0       0       0       0       0       0       0       0       0       0       0       0       0       0       0
    0       0       0       0       0       0       0       0       0       0       0       0       0       0       0       0       0       0
    0       0       0       0       0       0       0       0       0       0       0       0       0       0       0       0       0       0
    0       0       0       0       0       0       0       0       0       0       0       0       0       0       0       0       0       0
16.58       0       0       0       0       0       0       0       0       0       0       0       0       0       0       0       0       0
14.18       0       0       0       0       0       0       0       0       0       0       0       0       0       0       0       0       0
17.97       0       0       0       0       0       0       0       0       0       0       0       0       0       0       0       0       0
18.40       0       0       0       0       0       0       0       0       0       0       0       0       0       0       0       0       0
17.65   8.052       0       0       0       0       0       0       0       0       0       0       0       0       0       0       0       0
21.26   8.773       0       0       0       0       0       0       0       0       0       0       0       0       0       0       0       0
23.21   12.79   7.316       0       0       0       0       0       0       0       0       0       0       0       0       0       0       0
27.32   12.88   9.982       0       0       0       0       0       0       0       0       0       0       0       0       0       0       0
31.69   17.30   14.51   7.762       0       0       0       0       0       0       0       0       0       0       0       0       0       0
33.07   22.91   17.52   13.90   7.386       0       0       0       0       0       0       0       0       0       0       0       0       0
39.94   29.50   22.39   21.34   15.48       0       0       0       0       0       0       0       0       0       0       0       0       0
49.41   36.85   27.84   23.68   21.21   17.60       0       0       0       0       0       0       0       0       0       0       0       0
55.41   43.74   39.95   31.11   28.42   22.20   18.39   13.19       0       0       0       0       0       0       0       0       0       0
59.43   55.98   57.48   47.88   39.73   32.54   35.15   29.30   27.70       0       0       0       0       0       0       0       0       0
68.92   73.05   78.25   75.73   78.11   57.11   50.74   51.42   55.36   63.12   41.93   44.40       0       0       0       0       0       0
74.16   80.76   98.56   112.5   109.4   104.4   95.49   86.86   98.66   108.3   111.8   121.4   130.7   139.2   226.3       0       0       0
















