    0       0       0       0       0       0       0       0       0       0       0       0       0       0       0       0       0       0
    0       0       0       0       0       0       0       0       0       0       0       0       0       0       0       0       0       0
    0       0       0       0       0       0       0       0       0       0       0       0       0       0       0       0       0       0
    0       0       0       0       0       0       0       0       0       0       0       0       0       0       0       0       0       0
18.87       0       0       0       0       0       0       0       0       0       0       0       0       0       0       0       0       0
22.19       0       0       0       0       0       0       0       0       0       0       0       0       0       0       0       0       0
20.34       0       0       0       0       0       0       0       0       0       0       0       0       0       0       0       0       0
25.86       0       0       0       0       0       0       0       0       0       0       0       0       0       0       0       0       0
45.94   11.17       0       0       0       0       0       0       0       0       0       0       0       0       0       0       0       0
68.75   17.58       0       0       0       0       0       0       0       0       0       0       0       0       0       0       0       0
77.92   41.26   7.966       0       0       0       0       0       0       0       0       0       0       0       0       0       0       0
93.62   48.77   16.22       0       0       0       0       0       0       0       0       0       0       0       0       0       0       0
138.7   78.16   33.78   10.84       0       0       0       0       0       0       0       0       0       0       0       0       0       0
162.3   129.6   85.33   34.71   8.059       0       0       0       0       0       0       0       0       0       0       0       0       0
207.5   195.0   133.9   80.43   30.57       0       0       0       0       0       0       0       0       0       0       0       0       0
264.8   274.1   220.6   161.9   97.88   39.25       0       0       0       0       0       0       0       0       0       0       0       0
281.4   328.1   338.7   295.0   207.3   116.4   56.66   17.61       0       0       0       0       0       0       0       0       0       0
302.3   404.9   509.2   490.4   421.7   320.4   210.7   121.1   54.78       0       0       0       0       0       0       0 	    0 	    0
319.4   474.1   662.8   773.1   795.7   702.5   616.6   471.3   346.2   211.1   111.7   79.70       0       0       0       0       0       0
272.7   419.9   641.2   838.5   981.3   1083    1105    1065    1002    880.9   720.6   600.9   491.0   370.1   279.2       0       0       0
