  0       0       0       0       0       0        0       0       0       0       0       0       0       0       0       0       0       0
  0       0       0       0       0       0        0       0       0       0       0       0       0       0       0       0       0       0
  0       0       0       0       0       0        0       0       0       0       0       0       0       0       0       0       0       0
  0       0       0       0       0       0        0       0       0       0       0       0       0       0       0       0       0       0
 18.87    0       0       0       0       0        0       0       0       0       0       0       0       0       0       0       0       0
 22.19    0       0       0       0       0        0       0       0       0       0       0       0       0       0       0       0       0
 20.34    0       0       0       0       0        0       0       0       0       0       0       0       0       0       0       0       0
 25.86    0       0       0       0       0        0       0       0       0       0       0       0       0       0       0       0       0
 45.94   11.17    0       0       0       0        0       0       0       0       0       0       0       0       0       0       0       0
 68.75   17.58    0       0       0       0        0       0       0       0       0       0       0       0       0       0       0       0
 77.92   41.26    7.966   0       0       0        0       0       0       0       0       0       0       0       0       0       0       0
 93.62   48.77   16.22    0       0       0        0       0       0       0       0       0       0       0       0       0       0       0
151.24   87.773  33.78   10.84    0       0        0       0       0       0       0       0       0       0       0       0       0       0
181.26  146.65   85.33   34.71    8.059   0        0       0       0       0       0       0       0       0       0       0       0       0
233.09  222.8   149.57   80.43   30.57    0        0       0       0       0       0       0       0       0       0       0       0       0
300.54  317.39  251.74  179.0    97.88   39.25     0       0       0       0       0       0       0       0       0       0       0       0
330.38  399.0   399.25  335.69  231.62  116.4    56.66    17.61    0       0       0       0       0       0       0       0       0       0
369.87  515.0   619.2   581.76  488.95  364.98  239.23   121.1    54.78    0       0       0       0       0       0       0       0       0
411.15  644.3   856.8   963.7   973.3   851.2   736.1    563.24  407.42  251.56  111.7    79.70    0       0       0       0       0       0
386.9   655.1   956.3  1201.0  1378.8  1493.2  1510.5   1440.6  1335.6  1164.5   947.1   777.1   621.3   460.75  279.2     0       0       0
