1.00 0
1.05 13.845619662536016
1.10 41.320756276816496
1.15 42.73145889997602
1.20 49.604087267797055
1.25 52.21153925645456
1.30 42.90903679698415
1.35 53.083886541943265
1.40 40.55984986896604
1.45 43.31875563198055
1.50 33.714999049280316
1.55 41.48973636130653
1.60 32.411107712403144
1.65 27.603442431858188
1.70 29.910467010028018
1.75 26.749778854341457
1.80 26.959598548292416
1.85 16.75829399558534
1.90 22.133745587420734
1.95 14.930101437653413
2.00 14.163738725704967
2.05 16.699597390894574
2.10 12.338026305999442
2.15 7.527880887228115
2.20 10.73453427137671
2.25 10.323554895407852
2.30 5.898584808350876
2.35 2.9655485414861644
2.40 3.5496142261831096
2.45 6.750340388661968
2.50 1.4282295663654807
2.55 4.479432272971081
2.60 3.268391302553951
2.65 4.971407352395104
2.70 1.5166893592441326
2.75 3.1482444196889148
2.80 2.310186904319842
2.85 0.8000990221562176
2.90 2.6526385278706144
2.95 0.767091636753733
3.00 0
