0 0
0.05 0
0.10 0
0.15 0
0.20 2.6600624595998426
0.25 31.24132613723978
0.30 40.9999766360599
0.35 35.914737194613835
0.40 48.2701079154433
0.45 51.090706603428266
0.50 35.454415654878254
0.55 35.454415654878254
0.60 40.61358898675783
0.65 42.10628515948484
0.70 44.321082840743586
0.75 39.18236593641374
0.80 27.523552149612282
0.85 27.523552149612282
0.90 31.83996220233691
0.95 25.671258978891974
1.00 37.96318362239718
1.05 30.34840826668119
1.10 27.196872347219294
1.15 19.82155141754216
1.20 14.197695277109297
1.25 17.319325353249774
1.30 15.55477675755239
1.35 7.395777357226862
1.40 8.28516467683776
1.45 4.1092497838835484
1.50 2.8883021943931553
1.55 4.019636093653048
1.60 5.272877840341202
1.65 1.43145409375171084
1.70 3.5555763235022866
1.75 6.580275775035439
1.80 0
1.85 1.1989386902237484
1.90 4.553184446536271
1.95 1.9553029284288428
2.00 0.8566507711564029
2.05 0
2.10 1.9739223981877032
2.15 2.5039049165744487
2.20 0.5046910719642739
2.25 0
2.30 0
2.35 1.486299173502431
2.40 2.316468921001743
2.45 0.4994155555325861
2.50 0
