0 0
0.05 0
0.10 0
0.15 0
0.20 0
0.25 0
0.30 0
0.35 0
0.40 0
0.45 0
0.50 0
0.55 0
0.60 0
0.65 0
0.70 0
0.75 0
0.80 0
0.85 0
0.90 0
0.95 0
1.00 0
1.05 8.840769678562665
1.10 47.021831847648905
1.15 82.20052985692276
1.20 96.57525512729605
1.25 72.55760907013688
1.30 74.06306802206561
1.35 59.69784691174236
1.40 45.760946614341606
1.45 57.77578894428623
1.50 59.066453879083696
1.55 39.55409649098563
1.60 23.47274088095746
1.65 26.479223510124868
1.70 18.76311277082017
1.75 14.477370198915324
1.80 11.478807703122953
1.85 8.265767995534318
1.90 5.696476728669452
1.95 5.696476728669452
2.00 8.063962997138162
2.05 4.422602476627063
2.10 4.422602476627063
2.15 5.073954245390837
2.20 4.220480672895903
2.25 0.3649597459235565
2.30 2.728010739702256
2.35 1.6600599554110573
2.40 1.450651628974839
2.45 2.740682953102322
2.50 1.0293005334223864
2.55 0
2.60 0
2.65 1.2577171799587177
2.70 2.333904902959972
2.75 0.1932512543525604
2.80 1.9131874180775128
2.85 0
2.90 0
2.95 0
3.00 0
