0 44 2 "$p_\mu$" "GeV$/c$" "$\cos\theta_\mu$" ""
0 0.1 0.24 -1 -0.55
1 0.1 0.24 -0.55 -0.25
2 0.1 0.24 -0.25 0
3 0.1 0.24 0 0.25
4 0.1 0.24 0.25 0.45
5 0.1 0.24 0.45 0.7
6 0.1 0.24 0.7 1
7 0.24 0.3 -1 -0.55
8 0.24 0.3 -0.55 -0.25
9 0.24 0.3 -0.25 0
10 0.24 0.3 0 0.25
11 0.24 0.3 0.25 0.45
12 0.24 0.3 0.45 0.7
13 0.24 0.3 0.7 1
14 0.3 0.38 -1 -0.4
15 0.3 0.38 -0.4 -0.1
16 0.3 0.38 -0.1 0.1
17 0.3 0.38 0.1 0.35
18 0.3 0.38 0.35 0.5
19 0.3 0.38 0.5 0.7
20 0.3 0.38 0.7 0.85
21 0.3 0.38 0.85 1
22 0.38 0.48 -1 0
23 0.38 0.48 0 0.5
24 0.38 0.48 0.5 0.65
25 0.38 0.48 0.65 0.8
26 0.38 0.48 0.8 0.92
27 0.38 0.48 0.92 1
28 0.48 0.7 -1 0.2
29 0.48 0.7 0.2 0.5
30 0.48 0.7 0.5 0.65
31 0.48 0.7 0.65 0.8
32 0.48 0.7 0.8 0.875
33 0.48 0.7 0.875 0.95
34 0.48 0.7 0.95 1
35 0.7 0.85 -1 0.65
36 0.7 0.85 0.65 0.8
37 0.7 0.85 0.8 0.875
38 0.7 0.85 0.875 0.95
39 0.7 0.85 0.95 1
40 0.85 1.2 -1 0.85
41 0.85 1.2 0.85 0.9
42 0.85 1.2 0.9 0.95
43 0.85 1.2 0.95 1

1 36 2 "$p_p$" "GeV$/c$" "$\cos\theta_p$" ""
44 0.25 0.325 -1 0
45 0.25 0.325 0 1
46 0.325 0.4 -1 -0.5
47 0.325 0.4 -0.5 0
48 0.325 0.4 0 0.5
49 0.325 0.4 0.5 0.8
50 0.325 0.4 0.8 1
51 0.4 0.5 -1 -0.6
52 0.4 0.5 -0.6 -0.2
53 0.4 0.5 -0.2 0.2
54 0.4 0.5 0.2 0.5
55 0.4 0.5 0.5 0.65
56 0.4 0.5 0.65 0.85
57 0.4 0.5 0.85 1
58 0.5 0.6 -1 -0.2
59 0.5 0.6 -0.2 0.2
60 0.5 0.6 0.2 0.4
61 0.5 0.6 0.4 0.6
62 0.5 0.6 0.6 0.7
63 0.5 0.6 0.7 0.8
64 0.5 0.6 0.8 0.9
65 0.5 0.6 0.9 1
66 0.6 0.7 -1 0.1
67 0.6 0.7 0.1 0.37
68 0.6 0.7 0.37 0.5
69 0.6 0.7 0.5 0.6
70 0.6 0.7 0.6 0.7
71 0.6 0.7 0.7 0.8
72 0.6 0.7 0.8 0.9
73 0.6 0.7 0.9 1
74 0.7 1 -1 0.45
75 0.7 1 0.45 0.65
76 0.7 1 0.65 0.75
77 0.7 1 0.75 0.82
78 0.7 1 0.82 0.9
79 0.7 1 0.9 1

2 12 1 "$\delta p_T$" "GeV$/c$"
80 0 0.06
81 0.06 0.12
82 0.12 0.18
83 0.18 0.24
84 0.24 0.32
85 0.32 0.40
86 0.40 0.48
87 0.48 0.55
88 0.55 0.68
89 0.68 0.75
90 0.75 0.90
91 0.90 inf

3 39 2 "$\delta \alpha_T$" "$^\circ$" "$\delta p_T$" "GeV$/c$"
92 0 45 0 0.06
93 0 45 0.06 0.12
94 0 45 0.12 0.18
95 0 45 0.18 0.24
96 0 45 0.24 0.32
97 0 45 0.32 0.40
98 0 45 0.40 0.48
99 0 45 0.48 inf
100 45 90 0 0.06
101 45 90 0.06 0.12
102 45 90 0.12 0.18
103 45 90 0.18 0.24
104 45 90 0.24 0.32
105 45 90 0.32 0.40
106 45 90 0.40 0.48
107 45 90 0.48 0.55
108 45 90 0.55 inf
109 90 135 0 0.06
110 90 135 0.06 0.12
111 90 135 0.12 0.18
112 90 135 0.18 0.24
113 90 135 0.24 0.32
114 90 135 0.32 0.40
115 90 135 0.40 0.48
116 90 135 0.48 0.55
117 90 135 0.55 0.63
118 90 135 0.63 0.70
119 90 135 0.70 inf
120 135 180 0 0.06
121 135 180 0.06 0.12
122 135 180 0.12 0.18
123 135 180 0.18 0.24
124 135 180 0.24 0.32
125 135 180 0.32 0.40
126 135 180 0.40 0.50
127 135 180 0.50 0.60
128 135 180 0.60 0.72
129 135 180 0.72 0.90
130 135 180 0.90 inf

4 28 2 "$\delta p_T$" "GeV$/c$" "$\delta \alpha_T$" "$^\circ$"
131 0 0.2 0 25
132 0 0.2 25 60
133 0 0.2 60 95
134 0 0.2 95 120
135 0 0.2 120 145
136 0 0.2 145 165
137 0 0.2 165 180
138 0.2 0.3 0 25
139 0.2 0.3 25 60
140 0.2 0.3 60 95
141 0.2 0.3 95 120
142 0.2 0.3 120 145
143 0.2 0.3 145 165
144 0.2 0.3 165 180
145 0.3 0.4 0 25
146 0.3 0.4 25 60
147 0.3 0.4 60 95
148 0.3 0.4 95 120
149 0.3 0.4 120 145
150 0.3 0.4 145 165
151 0.3 0.4 165 180
152 0.4 inf 0 25
153 0.4 inf 25 60
154 0.4 inf 60 95
155 0.4 inf 95 120
156 0.4 inf 120 145
157 0.4 inf 145 165
158 0.4 inf 165 180

5 14 1 "$\delta p_{T_x}$" "GeV$/c$"
159 -inf -0.60
160 -0.60 -0.45
161 -0.45 -0.35
162 -0.35 -0.25
163 -0.25 -0.15
164 -0.15 -0.075
165 -0.075 0
166 0 0.075
167 0.075 0.15
168 0.15 0.25
169 0.25 0.35
170 0.35 0.45
171 0.45 0.6
172 0.60 inf

6 38 2 "$\delta p_{T_y}$" "GeV$/c$" "$\delta p_{T_x}$" "GeV$/c$"
173 -inf -0.15 -inf -0.6
174 -inf -0.15 -0.6 -0.45
175 -inf -0.15 -0.45 -0.35
176 -inf -0.15 -0.35 -0.25
177 -inf -0.15 -0.25 -0.15
178 -inf -0.15 -0.15 -0.075
179 -inf -0.15 -0.075 0
180 -inf -0.15 0 0.075
181 -inf -0.15 0.075 0.15
182 -inf -0.15 0.15 0.25
183 -inf -0.15 0.25 0.35
184 -inf -0.15 0.35 0.45
185 -inf -0.15 0.45 0.60
186 -inf -0.15 0.60 inf
187 -0.15 0.15 -inf -0.6
188 -0.15 0.15 -0.6 -0.45
189 -0.15 0.15 -0.45 -0.35
190 -0.15 0.15 -0.35 -0.25
191 -0.15 0.15 -0.25 -0.15
192 -0.15 0.15 -0.15 -0.075
193 -0.15 0.15 -0.075 0
194 -0.15 0.15 0 0.075
195 -0.15 0.15 0.075 0.15
196 -0.15 0.15 0.15 0.25
197 -0.15 0.15 0.25 0.35
198 -0.15 0.15 0.35 0.45
199 -0.15 0.15 0.45 0.60
200 -0.15 0.15 0.60 inf
201 0.15 inf -inf -0.4
202 0.15 inf -0.4 -0.3
203 0.15 inf -0.3 -0.2
204 0.15 inf -0.2 -0.1
205 0.15 inf -0.1 0
206 0.15 inf 0 0.1
207 0.15 inf 0.1 0.2
208 0.15 inf 0.2 0.3
209 0.15 inf 0.3 0.4
210 0.15 inf 0.4 inf

7 14 1 "$\theta_{\mu p}$" "$^\circ$"
211 0 30
212 30 40
213 40 50
214 50 60
215 60 70
216 70 80
217 80 90
218 90 100
219 100 110
220 110 120
221 120 130
222 130 140
223 140 150
224 150 180

8 11 1 "$p_n$" "GeV$/c$"
225 0 0.07
226 0.07 0.14
227 0.14 0.21
228 0.21 0.28
229 0.28 0.35
230 0.35 0.45
231 0.45 0.54
232 0.54 0.66
233 0.66 0.77
234 0.77 0.9
235 0.9 inf

9 32 2 "$p_n$" "GeV$/c$" "$\theta_{\mu p}$" "$^\circ$"
236 0 0.21 0 60
237 0 0.21 60 70
238 0 0.21 70 80
239 0 0.21 80 90
240 0 0.21 90 100
241 0 0.21 100 110
242 0 0.21 110 120
243 0 0.21 120 130
244 0 0.21 130 140
245 0 0.21 140 150
246 0 0.21 150 180
247 0.21 0.45 0 45
248 0.21 0.45 45 60
249 0.21 0.45 60 75
250 0.21 0.45 75 90
251 0.21 0.45 90 100
252 0.21 0.45 100 110
253 0.21 0.45 110 120
254 0.21 0.45 120 130
255 0.21 0.45 130 140
256 0.21 0.45 140 150
257 0.21 0.45 150 180
258 0.45 inf 0 30
259 0.45 inf 30 45
260 0.45 inf 45 60
261 0.45 inf 60 75
262 0.45 inf 75 90
263 0.45 inf 90 105
264 0.45 inf 105 120
265 0.45 inf 120 135
266 0.45 inf 135 150
267 0.45 inf 150 180

10 30 1 "$\cos\theta_\mu$" ""
268 -1 -0.85
269 -0.85 -0.775
270 -0.775 -0.7
271 -0.7 -0.625
272 -0.625 -0.55
273 -0.55 -0.475
274 -0.475 -0.4
275 -0.4 -0.325
276 -0.325 -0.25
277 -0.25 -0.175
278 -0.175 -0.1
279 -0.1 -0.025
280 -0.025 0.05
281 0.05 0.125
282 0.125 0.2
283 0.2 0.275
284 0.275 0.35
285 0.35 0.425
286 0.425 0.5
287 0.5 0.575
288 0.575 0.65
289 0.65 0.725
290 0.725 0.8
291 0.8 0.85
292 0.85 0.875
293 0.875 0.9
294 0.9 0.925
295 0.925 0.95
296 0.95 0.975
297 0.975 1

11 20 1 "$\cos\theta_p$" ""
298 -1 -0.9
299 -0.9 -0.75
300 -0.75 -0.6
301 -0.6 -0.45
302 -0.45 -0.3
303 -0.3 -0.15
304 -0.15 0
305 0 0.15
306 0.15 0.3
307 0.3 0.4
308 0.4 0.5
309 0.5 0.6
310 0.6 0.7
311 0.7 0.8
312 0.8 0.85
313 0.85 0.9
314 0.9 0.925
315 0.925 0.95
316 0.95 0.975
317 0.975 1

12 15 1 "$p_p$" "GeV$/c$"
318 0.25 0.3
319 0.3 0.35
320 0.35 0.4
321 0.4 0.45
322 0.45 0.5
323 0.5 0.55
324 0.55 0.6
325 0.6 0.65
326 0.65 0.7
327 0.7 0.75
328 0.75 0.8
329 0.8 0.85
330 0.85 0.9
331 0.9 0.95
332 0.95 1

13 26 1 "$p_\mu$" "GeV$/c$"
333 0.1 0.175
334 0.175 0.2
335 0.2 0.225
336 0.225 0.25
337 0.25 0.275
338 0.275 0.3
339 0.3 0.325
340 0.325 0.35
341 0.35 0.375
342 0.375 0.4
343 0.4 0.425
344 0.425 0.45
345 0.45 0.475
346 0.475 0.5
347 0.5 0.55
348 0.55 0.6
349 0.6 0.65
350 0.65 0.7
351 0.7 0.75
352 0.75 0.8
353 0.8 0.85
354 0.85 0.9
355 0.9 0.95
356 0.95 1
357 1 1.1
358 1.1 1.2
