numXbins 359
0  4.91094644205696318e-01
1  3.04822270011429752e-01
2  2.48869775165916518e-01
3  2.24909920653458884e-01
4  1.46793947986157136e-01
5  1.90867879714332056e-01
6  7.14057533731938671e-02
7  2.80764303708285701e-01
8  2.60456440492138175e-01
9  2.33098362517730529e-01
10  2.57920752421829158e-01
11  1.85724590865094130e-01
12  1.82595754856991643e-01
13  9.09657281549274832e-02
14  2.64222192749585361e-01
15  3.62164273614060284e-01
16  3.20094127231819570e-01
17  4.38094122248092688e-01
18  2.28145869769009579e-01
19  2.58626761192785881e-01
20  1.29577710409121416e-01
21  6.48682319998865470e-02
22  4.24334888051206893e-01
23  1.12203162112945964e+00
24  4.05819753024943441e-01
25  3.81651528080243385e-01
26  1.88103821084566164e-01
27  8.85509881775206897e-02
28  3.24766142944567238e-01
29  9.86258695229528248e-01
30  1.04462737882531065e+00
31  1.11785151335727484e+00
32  6.18211366459203382e-01
33  3.91784713774825932e-01
34  1.50680963074494856e-01
35  4.74374193370838249e-01
36  7.40421661000983722e-01
37  4.86835688630990915e-01
38  4.46160707986365868e-01
39  1.51160373536812637e-01
40  1.10021079650339537e+00
41  7.71132893336767711e-01
42  8.27910613756331903e-01
43  4.04862022129627297e-01
44  6.12207355954720756e-01
45  1.39952384295088672e+00
46  2.15483946605282611e-01
47  4.80640740804047339e-01
48  7.76735910984618916e-01
49  6.38579021199481400e-01
50  4.79187206456556658e-01
51  1.20277124547632883e-01
52  1.74508350305856125e-01
53  3.10585882979410199e-01
54  9.22841459311690371e-01
55  4.84438491050594666e-01
56  6.96827277648829124e-01
57  6.26853515423067442e-01
58  1.67999391252237146e-01
59  2.44498545358922265e-01
60  1.99871759827034784e-01
61  6.49743676264522119e-01
62  3.70120000250206582e-01
63  4.28202852297508874e-01
64  3.82200930645316350e-01
65  4.07967195725161380e-01
66  1.47553814626075697e-01
67  1.93374042564241538e-01
68  2.65580769955155949e-01
69  2.47675019795066093e-01
70  4.01888545079914783e-01
71  4.49927515794584731e-01
72  4.55715760026759509e-01
73  3.60173697459424735e-01
74  3.25719057154821579e-01
75  8.32012439793963887e-01
76  9.36771628257233813e-01
77  6.08650155915410718e-01
78  7.67935987524369423e-01
79  9.59495255225131904e-01
80  1.21312425181150663e+00
81  2.74328587386899292e+00
82  3.02964721704051865e+00
83  2.47386405048327118e+00
84  2.10790988516388245e+00
85  1.60642212302569121e+00
86  1.40825290141313531e+00
87  8.79281711600101490e-01
88  1.11121907557720911e+00
89  3.15537113856658336e-01
90  4.85978456123857594e-01
91  1.67965965445597942e-01
92  3.23287860905149771e-01
93  6.43287490780223292e-01
94  6.04634771806335181e-01
95  5.25852416538456491e-01
96  2.93084407506560618e-01
97  1.62496212515680055e-01
98  4.36538660637022166e-02
99  5.46105457781518588e-02
100  3.14244993731245481e-01
101  6.62702275814921582e-01
102  7.35243855403783120e-01
103  5.08067395945827505e-01
104  3.82539171916866649e-01
105  2.79545206275929214e-01
106  1.75370922410724051e-01
107  7.54813258750666322e-02
108  6.10679527733491087e-02
109  2.86084867779584473e-01
110  7.26043786590096274e-01
111  9.12002073383373468e-01
112  6.75803870418924313e-01
113  6.88352669074959289e-01
114  5.01146914685518530e-01
115  4.84746589264462457e-01
116  2.55534113926024764e-01
117  1.75133814142479388e-01
118  8.47860556961534811e-02
119  1.39498531659015629e-01
120  2.54860788991592035e-01
121  7.13412679151666507e-01
122  8.10613048317248897e-01
123  7.61275874849556944e-01
124  7.58778575597407245e-01
125  6.44691723883736967e-01
126  9.22440639964099640e-01
127  6.92403370617730496e-01
128  5.81622281592395263e-01
129  5.00353325028319751e-01
130  1.69193888011461652e-01
131  9.14284406494695334e-01
132  1.46634149146604331e+00
133  1.56043800980166081e+00
134  1.19778229397148728e+00
135  1.16791631814814001e+00
136  9.13934543451323078e-01
137  6.88656349431812420e-01
138  3.22371151932020039e-01
139  4.55912896227718634e-01
140  5.18788017787264688e-01
141  5.16521151909578702e-01
142  5.69907538373200517e-01
143  4.76233309248898007e-01
144  3.34796584288079013e-01
145  1.35446850888786274e-01
146  1.58613145867618238e-01
147  3.08698690083891669e-01
148  3.41411785952600300e-01
149  4.57867263246822476e-01
150  3.80306350344551791e-01
151  2.92365965006503026e-01
152  4.10508144906312628e-02
153  1.25490396998016257e-01
154  2.88190776905102031e-01
155  5.46530993150238786e-01
156  9.64179597530895105e-01
157  1.34784349670826265e+00
158  1.05625897044308981e+00
159  8.33614251001507517e-02
160  2.47919244876054212e-01
161  6.28395342740278418e-01
162  9.56078562343306126e-01
163  1.77836835824612449e+00
164  2.35266194039467802e+00
165  3.09022454285101222e+00
166  2.63599859515762258e+00
167  2.10226489165598940e+00
168  1.87496747717039258e+00
169  8.98612163104562267e-01
170  4.94190606756381767e-01
171  3.44892614882482906e-01
172  2.87608932463665132e-02
173  7.92965217022854052e-02
174  1.57810771964124824e-01
175  3.83932567359692389e-01
176  5.54231039550770910e-01
177  6.95829803825135373e-01
178  6.14223516838118822e-01
179  8.12114047891922652e-01
180  8.03079133127382550e-01
181  6.03019493555439490e-01
182  8.27214087604741466e-01
183  4.92051727612961898e-01
184  2.58034839198475863e-01
185  2.02595128688259518e-01
186  2.07711095418952434e-02
187  1.66050951924576959e-02
188  7.30433435581302054e-02
189  2.30468733359646294e-01
190  3.61430401572515325e-01
191  8.92320713852152170e-01
192  1.53518781261732906e+00
193  2.00711712251647834e+00
194  1.65966694276071003e+00
195  1.27376042694735170e+00
196  9.42673338865412491e-01
197  2.96784475936399950e-01
198  2.18007413644246723e-01
199  1.13569208365346452e-01
200  7.27005961982408588e-03
201  1.92448867761103141e-02
202  5.55975554926360360e-02
203  9.96759303003691144e-02
204  2.05983699726494940e-01
205  3.60370558095428839e-01
206  2.70670139295933754e-01
207  2.31448049992653032e-01
208  9.65626802766925557e-02
209  5.38464565084547792e-02
210  4.14293213963794829e-02
211  4.78865540876118434e-01
212  3.52808949884600209e-01
213  4.74687773177747130e-01
214  6.79012352403855046e-01
215  1.05539973560721423e+00
216  1.57050585403914100e+00
217  2.13920677866200482e+00
218  2.33345313667739562e+00
219  2.31073409914662165e+00
220  1.92543892047448506e+00
221  1.41941541494590928e+00
222  1.02119006265594869e+00
223  8.19196883363596973e-01
224  1.04209431872453751e+00
225  4.50723230814896514e-01
226  2.13875728833838652e+00
227  3.26431158311485925e+00
228  2.64393247815732302e+00
229  1.70943000027953462e+00
230  2.15906754961645930e+00
231  1.58158726573076014e+00
232  1.65013199705467217e+00
233  8.96540759226980288e-01
234  5.59073381631445598e-01
235  4.39611304267453373e-01
236  3.28469629771953806e-02
237  1.16779966515249911e-01
238  5.56319541022152642e-01
239  1.04750342499980142e+00
240  1.21230332750119274e+00
241  1.13823841493565259e+00
242  7.56511662624760106e-01
243  4.25856722455758896e-01
244  2.37523820081558312e-01
245  1.78807397438116744e-01
246  1.61249238630245817e-01
247  3.31023610969752913e-01
248  3.22058275956964568e-01
249  7.88103621496925033e-01
250  9.57498245625724165e-01
251  7.27888254133681967e-01
252  7.66435215538490477e-01
253  7.75765559026438511e-01
254  6.36080770952107688e-01
255  5.50686725434775592e-01
256  4.09009045087822154e-01
257  4.82568217477152561e-01
258  3.17591507908995652e-01
259  4.06809807694051007e-01
260  5.79474368744563928e-01
261  7.33645406388832022e-01
262  6.03758474716464599e-01
263  5.92028559032446999e-01
264  5.78381136741771607e-01
265  4.70430092185864401e-01
266  3.80754788006322897e-01
267  4.55754249348085505e-01
268  2.52179433589775404e-01
269  1.85486832479304531e-01
270  1.61058400811618790e-01
271  1.61482348320519081e-01
272  2.20542767603879308e-01
273  2.11533352311330608e-01
274  2.48037742706505526e-01
275  2.46030922543995834e-01
276  2.82377997461364050e-01
277  3.22768440103451348e-01
278  3.21156188606125714e-01
279  3.74470174881003259e-01
280  3.88858049405492401e-01
281  4.40490188552485895e-01
282  5.63244902766729894e-01
283  5.97554548253688367e-01
284  6.74402147740707836e-01
285  7.85548122973043328e-01
286  8.02019211369545126e-01
287  1.02720536721768307e+00
288  1.16976219672007486e+00
289  1.43282447858969819e+00
290  1.68857772869804390e+00
291  1.27097674807819261e+00
292  7.08106171823549846e-01
293  7.15976285881866015e-01
294  7.58526583529210208e-01
295  6.67095052640798269e-01
296  5.63179426415087558e-01
297  2.82513248518667326e-01
298  1.00292228533195485e-01
299  1.93645404922200448e-01
300  2.91601822870698468e-01
301  2.30358002743312085e-01
302  3.00217047379372715e-01
303  3.92238514931145588e-01
304  5.22872424567772054e-01
305  6.67529719469842520e-01
306  1.08291505753337347e+00
307  9.90395501882155638e-01
308  1.36517271209688373e+00
309  1.69512336745247061e+00
310  2.16008288400535031e+00
311  2.46961099837734510e+00
312  1.12126386136009293e+00
313  1.43950398838808025e+00
314  6.52380831623972535e-01
315  5.83806430871947613e-01
316  6.57973657407161627e-01
317  5.95646300001057116e-01
318  1.29750797681836660e+00
319  1.54923819734313950e+00
320  1.72450766527688759e+00
321  1.77239570926488099e+00
322  1.54872334271293566e+00
323  1.61031269901619845e+00
324  1.29414365735071812e+00
325  1.42276563307296011e+00
326  1.10130858600967696e+00
327  1.01877583778216718e+00
328  8.48977413412241977e-01
329  6.77398903046421141e-01
330  7.33179062064271969e-01
331  5.53576041584415757e-01
332  5.43822818244284356e-01
333  5.21876277285367229e-01
334  3.26383865848716259e-01
335  4.35165958204081715e-01
336  4.94351941203264311e-01
337  5.98359975059980287e-01
338  6.36893972114252027e-01
339  5.78211794631412035e-01
340  6.51391063704703788e-01
341  6.38854508466099924e-01
342  6.35647729129975692e-01
343  6.37252569290654325e-01
344  6.06492957641699304e-01
345  5.80616524108657162e-01
346  5.42595435382959179e-01
347  9.91368053078157008e-01
348  1.04321095779231432e+00
349  9.03708271600891955e-01
350  8.51158746891433116e-01
351  7.15308881950764253e-01
352  7.07672466075676687e-01
353  6.17000285881088240e-01
354  6.03542619747882259e-01
355  5.18693996099289012e-01
356  4.31906980166545440e-01
357  7.25510879230950145e-01
358  4.76015743568375227e-01