0 2.76E-42 1.21E-42 0.404E-42 0.168E-42 0.040E-42
10 5.72E-42 1.58E-42 0.215E-42 0.173E-42 0.038E-42
20 6.08E-42 1.36E-42 0.154E-42 0.162E-42 0.039E-42
30 8.29E-42 1.52E-42 0.119E-42 0.140E-42 0.038E-42
40 8.20E-42 1.60E-42 0.121E-42 0.154E-42 0.039E-42
50 7.04E-42 1.63E-42 0.155E-42 0.171E-42 0.041E-42
60 6.42E-42 1.24E-42 0.141E-42 0.133E-42 0.038E-42
120 4.46E-42 0.93E-42 0.170E-42 0.122E-42 0.035E-42
135 3.19E-42 0.79E-42 0.193E-42 0.153E-42 0.034E-42
150 1.74E-42 0.68E-42 0.345E-42 0.180E-42 0.036E-42
165 0.34E-42 0.34E-42 0.945E-42 0.363E-42 0.043E-42
180 0. 0. 0. 0. 0.
