12588.365E-84 997.907E-84 -805.851E-84 -175.415E-84 -12.014E-84 -3.840E-84 -2.954E-84 -1.013E-84 -1.935E-84 -0.723E-84 -0.531E-84 -0.175E-84
997.907E-84 14929.823E-84 1929.772E-84 -589.284E-84 -214.404E-84 -36.350E-84 -8.937E-84 -5.562E-84 -3.890E-84 -1.779E-84 -0.493E-84 -0.030E-84
-805.851E-84 1929.772E-84 10965.271E-84 674.926E-84 -508.532E-84 -190.296E-84 -62.976E-84 -16.436E-84 -3.694E-84 -3.023E-84 -1.259E-84 -0.104E-84
-175.415E-84 -589.284E-84 674.926E-84 7118.253E-84 814.386E-84 -378.057E-84 -250.650E-84 -76.736E-84 -19.479E-84 -5.880E-84 -2.364E-84 -0.485E-84
-12.014E-84 -214.404E-84 -508.532E-84 814.386E-84 6771.264E-84 1416.831E-84 -132.953E-84 -214.847E-84 -56.635E-84 -19.106E-84 -2.782E-84 -1.670E-84
-3.840E-84 -36.350E-84 -190.296E-84 -378.057E-84 1416.831E-84 5865.008E-84 1736.357E-84 -24.934E-84 -128.954E-84 -45.772E-84 -7.149E-84 -2.457E-84
-2.954E-84 -8.937E-84 -62.976E-84 -250.650E-84 -132.953E-84 1736.357E-84 4823.638E-84 887.183E-84 -77.544E-84 -55.772E-84 -11.482E-84 0.465E-84
-1.013E-84 -5.562E-84 -16.436E-84 -76.736E-84 -214.847E-84 -24.934E-84 887.183E-84 2338.753E-84 352.481E-84 -49.685E-84 -20.726E-84 -1.956E-84
-1.935E-84 -3.890E-84 -3.694E-84 -19.479E-84 -56.635E-84 -128.954E-84 -77.544E-84 352.481E-84 1092.546E-84 239.344E-84 3.234E-84 -4.504E-84
-0.723E-84 -1.779E-84 -3.023E-84 -5.880E-84 -19.106E-84 -45.772E-84 -55.772E-84 -49.685E-84 239.344E-84 562.636E-84 91.453E-84 3.066E-84
-0.531E-84 -0.493E-84 -1.259E-84 -2.364E-84 -2.782E-84 -7.149E-84 -11.482E-84 -20.726E-84 3.234E-84 91.453E-84 153.493E-84 11.032E-84
-0.175E-84 -0.030E-84 -0.104E-84 -0.485E-84 -1.670E-84 -2.457E-84 0.465E-84 -1.956E-84 -4.504E-84 3.066E-84 11.032E-84 34.274E-84
