0 3.46E-42 0.45E-42 0.079E-42 0.102E-42 0.039E-42
10 10.35E-42 1.05E-42 0.041E-42 0.092E-42 0.037E-42
20 15.83E-42 1.50E-42 0.032E-42 0.089E-42 0.036E-42
30 19.13E-42 1.65E-42 0.027E-42 0.082E-42 0.037E-42
40 21.54E-42 1.81E-42 0.026E-42 0.080E-42 0.038E-42
50 23.20E-42 1.83E-42 0.026E-42 0.074E-42 0.037E-42
60 19.20E-42 1.53E-42 0.019E-42 0.077E-42 0.035E-42
120 9.30E-42 0.69E-42 0.027E-42 0.069E-42 0.033E-42
135 6.21E-42 0.46E-42 0.031E-42 0.068E-42 0.034E-42
150 3.20E-42 0.30E-42 0.049E-42 0.079E-42 0.035E-42
165 0.78E-42 0.10E-42 0.110E-42 0.074E-42 0.037E-42
180 0. 0. 0. 0. 0.
