0 4.28E-42 1.82E-42 0.389E-42 0.168E-42 0.041E-42
10 7.60E-42 2.13E-42 0.212E-42 0.183E-42 0.037E-42
20 10.16E-42 2.16E-42 0.131E-42 0.167E-42 0.036E-42
30 12.09E-42 2.40E-42 0.116E-42 0.161E-42 0.037E-42
40 13.99E-42 2.73E-42 0.106E-42 0.164E-42 0.039E-42
50 17.22E-42 3.09E-42 0.104E-42 0.146E-42 0.038E-42
60 13.65E-42 2.38E-42 0.106E-42 0.138E-42 0.038E-42
120 6.63E-42 1.69E-42 0.186E-42 0.174E-42 0.035E-42
135 3.66E-42 1.17E-42 0.253E-42 0.197E-42 0.038E-42
150 1.87E-42 1.02E-42 0.492E-42 0.242E-42 0.037E-42
165 1.14E-42 1.36E-42 1.096E-42 0.467E-42 0.037E-42
180 0. 0. 0. 0. 0.
