1.204400e-07 2.915000e-08 -1.330000e-09 1.676000e-08 7.150000e-09 4.430000e-09 6.700000e-10 8.450000e-09 7.900000e-10 -1.000000e-09 1.290000e-09
2.915000e-08 1.124300e-07 5.569000e-08 1.677000e-08 1.580000e-08 2.394000e-08 6.640000e-09 7.390000e-09 6.920000e-09 3.900000e-09 1.033000e-08
-1.330000e-09 5.569000e-08 1.800800e-07 7.467000e-08 4.200000e-08 2.934000e-08 2.872000e-08 1.954000e-08 8.650000e-09 8.290000e-09 1.360000e-09
1.676000e-08 1.677000e-08 7.467000e-08 2.697800e-07 1.085100e-07 3.225000e-08 4.955000e-08 4.670000e-09 1.268000e-08 7.300000e-09 2.100000e-10
7.150000e-09 1.580000e-08 4.200000e-08 1.085100e-07 3.133600e-07 1.356500e-07 4.504000e-08 2.120000e-08 2.369000e-08 6.270000e-09 1.310000e-09
4.430000e-09 2.394000e-08 2.934000e-08 3.225000e-08 1.356500e-07 6.588100e-07 1.744800e-07 2.296000e-08 -4.400000e-09 9.460000e-09 2.210000e-09
6.700000e-10 6.640000e-09 2.872000e-08 4.955000e-08 4.504000e-08 1.744800e-07 3.716000e-07 3.908000e-08 1.720000e-08 1.653000e-08 -5.900000e-10
8.450000e-09 7.390000e-09 1.954000e-08 4.670000e-09 2.120000e-08 2.296000e-08 3.908000e-08 2.999500e-07 5.543000e-08 8.360000e-09 9.400000e-10
7.900000e-10 6.920000e-09 8.650000e-09 1.268000e-08 2.369000e-08 -4.400000e-09 1.720000e-08 5.543000e-08 1.224600e-07 5.793000e-08 -2.900000e-10
-1.000000e-09 3.900000e-09 8.290000e-09 7.300000e-09 6.270000e-09 9.460000e-09 1.653000e-08 8.360000e-09 5.793000e-08 6.973000e-08 -2.600000e-10
1.290000e-09 1.033000e-08 1.360000e-09 2.100000e-10 1.310000e-09 2.210000e-09 -5.900000e-10 9.400000e-10 -2.900000e-10 -2.600000e-10 2.520000e-09
