0.000 3825.00E-42 261.09E-42 0.029E-42 0.062E-42 0.033E-42
0.025 4428.16E-42 286.72E-42 0.028E-42 0.059E-42 0.033E-42
0.050 4535.82E-42 301.52E-42 0.023E-42 0.062E-42 0.034E-42
0.100 4059.36E-42 285.14E-42 0.021E-42 0.067E-42 0.035E-42
0.200 3452.35E-42 286.17E-42 0.024E-42 0.079E-42 0.036E-42
0.300 2733.16E-42 247.43E-42 0.028E-42 0.086E-42 0.036E-42
0.400 2103.42E-42 214.43E-42 0.033E-42 0.096E-42 0.037E-42
0.500 1412.01E-42 153.16E-42 0.034E-42 0.103E-42 0.038E-42
0.700 718.94E-42 89.74E-42 0.046E-42 0.116E-42 0.041E-42
1.000 331.82E-42 54.29E-42 0.071E-42 0.147E-42 0.044E-42
1.300 90.74E-42 24.36E-42 0.137E-42 0.231E-42 0.051E-42
2.000 21.03E-42 7.04E-42 0.278E-42 0.186E-42 0.039E-42
3.000 0. 0. 0. 0. 0.
