0.000 4110.92E-42 1313.92E-42 0.309E-42 0.082E-42 0.034E-42
0.025 3738.85E-42 1125.78E-42 0.289E-42 0.086E-42 0.035E-42
0.050 3372.90E-42 968.01E-42 0.257E-42 0.127E-42 0.033E-42
0.100 4499.60E-42 1037.27E-42 0.198E-42 0.119E-42 0.035E-42
0.200 2654.05E-42 855.20E-42 0.271E-42 0.175E-42 0.036E-42
0.300 2401.01E-42 861.33E-42 0.280E-42 0.224E-42 0.039E-42
0.400 1622.89E-42 738.87E-42 0.352E-42 0.289E-42 0.042E-42
0.500 934.89E-42 545.84E-42 0.465E-42 0.353E-42 0.040E-42
0.700 786.73E-42 497.09E-42 0.515E-42 0.366E-42 0.039E-42
1.000 508.34E-42 308.25E-42 0.541E-42 0.274E-42 0.040E-42
1.300 104.02E-42 162.03E-42 1.255E-42 0.923E-42 0.059E-42
2.000 43.44E-42 76.15E-42 1.619E-42 0.673E-42 0.050E-42
3.000 0. 0. 0. 0. 0.
