0.074E-84 0.022E-84 -0.002E-84 -0.003E-84 -0.001E-84 -0.001E-84 -0.000E-84 -0.001E-84 -0.000E-84 -0.000E-84 0.005E-84
0.022E-84 0.183E-84 0.029E-84 -0.007E-84 -0.004E-84 -0.004E-84 -0.003E-84 -0.002E-84 -0.002E-84 0.002E-84 0.005E-84
-0.002E-84 0.029E-84 0.250E-84 0.034E-84 -0.009E-84 -0.006E-84 -0.003E-84 -0.004E-84 -0.003E-84 0.005E-84 -0.000E-84
-0.003E-84 -0.007E-84 0.034E-84 0.276E-84 0.040E-84 -0.011E-84 -0.005E-84 -0.006E-84 0.002E-84 0.002E-84 -0.000E-84
-0.001E-84 -0.004E-84 -0.009E-84 0.040E-84 0.323E-84 0.044E-84 -0.006E-84 -0.004E-84 0.002E-84 -0.003E-84 -0.001E-84
-0.001E-84 -0.004E-84 -0.006E-84 -0.011E-84 0.044E-84 0.376E-84 0.020E-84 0.002E-84 -0.006E-84 -0.002E-84 -0.000E-84
-0.000E-84 -0.003E-84 -0.003E-84 -0.005E-84 -0.006E-84 0.020E-84 0.133E-84 0.007E-84 -0.002E-84 0.000E-84 0.000E-84
-0.001E-84 -0.002E-84 -0.004E-84 -0.006E-84 -0.004E-84 0.002E-84 0.007E-84 0.064E-84 0.009E-84 -0.001E-84 0.000E-84
-0.000E-84 -0.002E-84 -0.003E-84 0.002E-84 0.002E-84 -0.006E-84 -0.002E-84 0.009E-84 0.036E-84 0.008E-84 0.001E-84
-0.000E-84 0.002E-84 0.005E-84 0.002E-84 -0.003E-84 -0.002E-84 0.000E-84 -0.001E-84 0.008E-84 0.024E-84 0.001E-84
0.005E-84 0.005E-84 -0.000E-84 -0.000E-84 -0.001E-84 -0.000E-84 0.000E-84 0.000E-84 0.001E-84 0.001E-84 0.007E-84
