6.099E-84 2.112E-84 3.025E-84 2.738E-84 2.224E-84 2.087E-84 1.429E-84 1.276E-84 1.283E-84 1.506E-84 0.034E-84
2.112E-84 8.617E-84 9.250E-84 7.393E-84 8.503E-84 7.705E-84 4.256E-84 2.782E-84 2.277E-84 1.852E-84 0.710E-84
3.025E-84 9.250E-84 11.938E-84 9.913E-84 10.228E-84 8.821E-84 5.209E-84 3.110E-84 2.750E-84 1.823E-84 0.670E-84
2.738E-84 7.393E-84 9.913E-84 9.939E-84 8.952E-84 7.789E-84 4.739E-84 2.801E-84 2.587E-84 1.857E-84 0.574E-84
2.224E-84 8.503E-84 10.228E-84 8.952E-84 12.744E-84 10.942E-84 6.933E-84 3.974E-84 3.154E-84 1.512E-84 0.677E-84
2.087E-84 7.705E-84 8.821E-84 7.789E-84 10.942E-84 10.147E-84 6.381E-84 3.840E-84 2.837E-84 1.708E-84 0.712E-84
1.429E-84 4.256E-84 5.209E-84 4.739E-84 6.933E-84 6.381E-84 5.548E-84 2.655E-84 1.714E-84 0.957E-84 0.559E-84
1.276E-84 2.782E-84 3.110E-84 2.801E-84 3.974E-84 3.840E-84 2.655E-84 1.883E-84 1.275E-84 1.207E-84 0.335E-84
1.283E-84 2.277E-84 2.750E-84 2.587E-84 3.154E-84 2.837E-84 1.714E-84 1.275E-84 1.417E-84 0.745E-84 0.186E-84
1.506E-84 1.852E-84 1.823E-84 1.857E-84 1.512E-84 1.708E-84 0.957E-84 1.207E-84 0.745E-84 2.546E-84 0.259E-84
0.034E-84 0.710E-84 0.670E-84 0.574E-84 0.677E-84 0.712E-84 0.559E-84 0.335E-84 0.186E-84 0.259E-84 0.173E-84
