102365.910E-84 23995.884E-84 -8159.314E-84 -2931.052E-84 -204.852E-84 -174.866E-84 -70.549E-84 16.612E-84 -62.726E-84 20.284E-84 -16.180E-84 -17.044E-84
23995.884E-84 77779.070E-84 23456.388E-84 -4519.319E-84 -2625.286E-84 -478.484E-84 -167.234E-84 -45.000E-84 -40.480E-84 -32.874E-84 -9.654E-84 -3.802E-84
-8159.314E-84 23456.388E-84 54101.847E-84 9375.054E-84 -4821.719E-84 -1589.678E-84 -712.645E-84 -145.199E-84 -39.017E-84 -73.589E-84 -28.538E-84 1.758E-84
-2931.052E-84 -4519.319E-84 9375.054E-84 34308.499E-84 8233.980E-84 -2135.072E-84 -2573.844E-84 -749.455E-84 -244.834E-84 -143.762E-84 -5.293E-84 -19.055E-84
-204.852E-84 -2625.286E-84 -4821.719E-84 8233.980E-84 30482.401E-84 12298.839E-84 895.149E-84 -1464.890E-84 -410.208E-84 -23.786E-84 -38.294E-84 -19.719E-84
-174.866E-84 -478.484E-84 -1589.678E-84 -2135.072E-84 12298.839E-84 25629.989E-84 14476.309E-84 -2.271E-84 -1103.469E-84 -592.153E-84 -234.311E-84 -10.325E-84
-70.549E-84 -167.234E-84 -712.645E-84 -2573.844E-84 895.149E-84 14476.309E-84 21746.274E-84 8145.249E-84 -370.599E-84 -900.004E-84 -166.443E-84 -70.245E-84
16.612E-84 -45.000E-84 -145.199E-84 -749.455E-84 -1464.890E-84 -2.271E-84 8145.249E-84 13530.088E-84 3797.890E-84 -616.488E-84 -17.299E-84 -106.552E-84
-62.726E-84 -40.480E-84 -39.017E-84 -244.834E-84 -410.208E-84 -1103.469E-84 -370.599E-84 3797.890E-84 7975.856E-84 2679.136E-84 -63.894E-84 -319.962E-84
20.284E-84 -32.874E-84 -73.589E-84 -143.762E-84 -23.786E-84 -592.153E-84 -900.004E-84 -616.488E-84 2679.136E-84 7526.346E-84 591.026E-84 -223.317E-84
-16.180E-84 -9.654E-84 -28.538E-84 -5.293E-84 -38.294E-84 -234.311E-84 -166.443E-84 -17.299E-84 -63.894E-84 591.026E-84 1912.384E-84 306.063E-84
-17.044E-84 -3.802E-84 1.758E-84 -19.055E-84 -19.719E-84 -10.325E-84 -70.245E-84 -106.552E-84 -319.962E-84 -223.317E-84 306.063E-84 5262.012E-84
