0.000 2203.06E-42 440.60E-42 0.169E-42 0.108E-42 0.036E-42
0.025 2393.39E-42 403.92E-42 0.143E-42 0.090E-42 0.036E-42
0.050 2621.21E-42 406.66E-42 0.124E-42 0.094E-42 0.034E-42
0.100 2548.13E-42 407.20E-42 0.106E-42 0.120E-42 0.036E-42
0.200 2512.02E-42 439.28E-42 0.120E-42 0.127E-42 0.037E-42
0.300 1831.97E-42 413.22E-42 0.137E-42 0.179E-42 0.038E-42
0.400 1192.24E-42 352.42E-42 0.168E-42 0.243E-42 0.040E-42
0.500 857.58E-42 322.78E-42 0.198E-42 0.320E-42 0.042E-42
0.700 571.66E-42 224.01E-42 0.223E-42 0.323E-42 0.044E-42
1.000 314.24E-42 136.57E-42 0.325E-42 0.289E-42 0.048E-42
1.300 70.95E-42 65.02E-42 0.684E-42 0.610E-42 0.075E-42
2.000 29.19E-42 30.93E-42 0.929E-42 0.509E-42 0.047E-42
3.000 0. 0. 0. 0. 0.
