0.000 1377.45E-42 360.28E-42 0.232E-42 0.120E-42 0.036E-42
0.025 1545.90E-42 318.03E-42 0.180E-42 0.099E-42 0.035E-42
0.050 1340.67E-42 278.06E-42 0.173E-42 0.114E-42 0.036E-42
0.100 1540.32E-42 254.33E-42 0.120E-42 0.113E-42 0.036E-42
0.200 1192.87E-42 255.96E-42 0.146E-42 0.157E-42 0.038E-42
0.300 814.78E-42 218.51E-42 0.196E-42 0.183E-42 0.037E-42
0.400 742.47E-42 209.57E-42 0.199E-42 0.201E-42 0.038E-42
0.500 505.16E-42 181.41E-42 0.230E-42 0.276E-42 0.043E-42
0.700 362.55E-42 129.20E-42 0.246E-42 0.258E-42 0.045E-42
1.000 334.27E-42 104.12E-42 0.260E-42 0.172E-42 0.039E-42
1.300 89.19E-42 52.40E-42 0.490E-42 0.324E-42 0.058E-42
2.000 79.01E-42 76.23E-42 0.918E-42 0.296E-42 0.045E-42
3.000 0. 0. 0. 0. 0.
