0 3.73E-42 3.47E-42 0.897E-42 0.251E-42 0.036E-42
10 6.29E-42 3.35E-42 0.480E-42 0.232E-42 0.032E-42
20 11.59E-42 4.24E-42 0.306E-42 0.201E-42 0.037E-42
30 13.14E-42 5.19E-42 0.324E-42 0.227E-42 0.035E-42
40 19.07E-42 5.60E-42 0.258E-42 0.139E-42 0.032E-42
50 31.04E-42 8.12E-42 0.241E-42 0.101E-42 0.033E-42
60 20.46E-42 6.10E-42 0.279E-42 0.106E-42 0.035E-42
120 10.15E-42 5.48E-42 0.502E-42 0.198E-42 0.035E-42
135 7.81E-42 3.50E-42 0.428E-42 0.134E-42 0.029E-42
150 2.83E-42 2.64E-42 0.851E-42 0.380E-42 0.030E-42
165 0.34E-42 0.50E-42 1.418E-42 0.484E-42 0.036E-42
180 0. 0. 0. 0. 0.
