0.874E-84 0.417E-84 0.892E-84 1.532E-84 1.083E-84 0.835E-84 0.382E-84 0.989E-84 0.189E-84 -0.067E-84 0.056E-84
0.417E-84 2.131E-84 2.779E-84 2.292E-84 2.270E-84 2.104E-84 1.702E-84 1.130E-84 0.512E-84 0.455E-84 0.120E-84
0.892E-84 2.779E-84 5.418E-84 4.935E-84 4.810E-84 4.863E-84 3.200E-84 2.073E-84 1.203E-84 1.039E-84 0.166E-84
1.532E-84 2.292E-84 4.935E-84 8.866E-84 6.480E-84 4.936E-84 3.897E-84 1.623E-84 1.690E-84 0.872E-84 0.117E-84
1.083E-84 2.270E-84 4.810E-84 6.480E-84 7.040E-84 6.230E-84 4.455E-84 2.552E-84 1.932E-84 1.482E-84 0.155E-84
0.835E-84 2.104E-84 4.863E-84 4.936E-84 6.230E-84 9.898E-84 4.975E-84 3.563E-84 1.863E-84 2.035E-84 0.116E-84
0.382E-84 1.702E-84 3.200E-84 3.897E-84 4.455E-84 4.975E-84 4.694E-84 1.217E-84 1.618E-84 1.141E-84 0.036E-84
0.989E-84 1.130E-84 2.073E-84 1.623E-84 2.552E-84 3.563E-84 1.217E-84 4.038E-84 0.640E-84 0.662E-84 0.127E-84
0.189E-84 0.512E-84 1.203E-84 1.690E-84 1.932E-84 1.863E-84 1.618E-84 0.640E-84 1.099E-84 0.818E-84 -0.040E-84
-0.067E-84 0.455E-84 1.039E-84 0.872E-84 1.482E-84 2.035E-84 1.141E-84 0.662E-84 0.818E-84 1.159E-84 -0.015E-84
0.056E-84 0.120E-84 0.166E-84 0.117E-84 0.155E-84 0.116E-84 0.036E-84 0.127E-84 -0.040E-84 -0.015E-84 0.026E-84
