0 3.68E-42 5.99E-42 1.483E-42 0.671E-42 0.045E-42
10 9.04E-42 6.38E-42 0.627E-42 0.325E-42 0.040E-42
20 14.15E-42 5.91E-42 0.339E-42 0.244E-42 0.035E-42
30 16.26E-42 5.52E-42 0.279E-42 0.194E-42 0.037E-42
40 21.86E-42 6.14E-42 0.228E-42 0.163E-42 0.036E-42
50 18.12E-42 5.63E-42 0.256E-42 0.176E-42 0.034E-42
60 17.45E-42 4.32E-42 0.207E-42 0.135E-42 0.035E-42
120 9.75E-42 3.15E-42 0.291E-42 0.141E-42 0.033E-42
135 8.14E-42 2.79E-42 0.310E-42 0.146E-42 0.033E-42
150 5.01E-42 3.21E-42 0.556E-42 0.319E-42 0.039E-42
165 1.05E-42 0.91E-42 0.768E-42 0.395E-42 0.036E-42
180 0. 0. 0. 0. 0.
