0.000   0.813000E-38   0.079486E-38
0.025   1.061000E-38   0.106384E-38
0.050   1.185000E-38   0.112180E-38
0.100   1.095000E-38   0.092194E-38
0.200   0.754000E-38   0.062438E-38
0.400   0.283000E-38   0.026403E-38
0.800   0.073000E-38   0.013204E-38
1.200   0.015000E-38   0.003667E-38
2.000   0.761000E-38   0.079996E-38
2.025   1.146000E-38   0.102264E-38
2.050   1.344000E-38   0.105781E-38
2.100   1.489000E-38   0.107557E-38
2.200   1.021000E-38   0.060329E-38
2.400   0.455000E-38   0.034272E-38
2.800   0.127000E-38   0.025273E-38
3.200   0.026000E-38   0.006754E-38
4.000   0              0
