0.0   0.9332809991 0.1021422611
0.025 1.4060130845 0.1406932955
0.05  1.6506448977 0.1536635144
0.1   1.8274369355 0.1659076225
0.2   1.2498736571 0.1157305354
0.4   0.5525585931 0.0612483717
0.8   0.1521861493 0.0322216522
1.2   0.0307422352 0.0077231963
2.0   0.9952482173 0.0932331293
2.025 1.2983599761 0.1216692878
2.05  1.4506853551 0.1315681118
2.1   1.3402050761 0.117909211 
2.2   0.9207828367 0.0875595515
2.4   0.3442289658 0.0372058391
2.8   0.0880692404 0.0139412973
3.2   0.017939888  0.0038483013
4.0   0.0          0.0

