0.010850693024217059 0.013190744200435017 0.014861923720325191 0.015889891078358833 0.010843787943299682 0.005624107037659058 0.0025710258458044675 0.0009246286420048676 0.008378114641718152 0.01067988363734119 0.011671724037168296 0.011431916393507763 0.0075471933941027415 0.003337914774220062 0.0014762551985362713 0.0004353654993927686
0.013190744200435013 0.021186385260613207 0.021325301678827638 0.023317896472491724 0.015995395778463838 0.008142232076509406 0.003820676949165565  0.001342344168977523  0.011383354694144905 0.015277579700374168         0.016602514706689588 0.0166790277728349   0.01114454636902864  0.004836926009715195  0.0022763117600187047 0.0006583745056070657
0.014861923720325191 0.02132530167882763 0.02612909633343725 0.026685112166221082 0.01869227729887766 0.00936112702492297  0.004242783507762443  0.001493691722655789  0.012744957539571802 0.016978636754317572         0.019420931847406217 0.01889459835452953   0.012999056272922806 0.0054797213853813795 0.0024290417320247904 0.0006903759773339679
0.015889891078358837 0.023317896472491724 0.02668511216622108 0.03044348696552605 0.020557479283651925 0.010557606715164931 0.004816165433252427  0.0017313742322655548 0.01355452765171317  0.018512820512922235         0.020560023709156015 0.02102481933089481   0.014254197614929898 0.006260756975227824  0.00281070492616775   0.0008434210310601616
0.010843787943299677 0.015995395778463834 0.018692277298877655 0.020557479283651925 0.015594411756460633 0.008520161551433196 0.004474689044173032  0.0017588384894984984 0.009031547360726156 0.01241291600059451         0.014151257204516404 0.014243139013575705  0.010491346278831672 0.00515343955084002   0.0028162564753531362 0.001010219685988915
0.005624107037659056 0.008142232076509406 0.00936112702492297 0.010557606715164935 0.008520161551433196 0.006366051976845064 0.003724161849033904  0.0016865661669981432 0.004411070223107368 0.005946880071711517         0.006617602657956641 0.006874016482775016  0.005571412982647025 0.003932187259372631  0.0024941113830112332 0.0011138225101299368
0.0025710258458044666 0.0038206769491655667 0.004242783507762443 0.004816165433252426 0.004474689044173032 0.0037241618490339045      0.0035181427821568347 0.0014757595136650808            0.0019165190628176803     0.002748500263194058 0.0029273785507615796 0.0031345641912810564 0.003016986685834871 0.0025043121828085056 0.0025952761869889604 0.0011307124381884845
0.0009246286420048678 0.001342344168977523 0.001493691722655789 0.0017313742322655548 0.0017588384894984986 0.0016865661669981432      0.0014757595136650808 0.0007557442312393396            0.0006267246244974173     0.0008752851232593777        0.0009259621021978419 0.00102430329840903 0.0011222333581824024 0.0011347659976868717 0.0011376463706516797 0.0005314493307075546
0.008378114641718152 0.011383354694144907 0.012744957539571802 0.01355452765171317 0.009031547360726156 0.004411070223107367      0.0019165190628176803 0.0006267246244974175            0.011085113377011332     0.012621627014913907        0.013832714262523093  0.013401259193064174 0.008923750033807087  0.003885418978731057  0.0016291066134889655 0.0004716445929751694
0.010679883637341188 0.015277579700374168 0.016978636754317565 0.018512820512922232 0.01241291600059451 0.0059468800717115185      0.0027485002631940578 0.0008752851232593775            0.012621627014913907     0.019105115622487668        0.018409058234818636  0.01831649562590485 0.012284115416167968  0.005275820923080161  0.002386362596766497  0.0006793779278293267
0.011671724037168296 0.01660251470668959 0.019420931847406217 0.020560023709156015 0.014151257204516404 0.006617602657956642      0.0029273785507615796 0.0009259621021978418            0.013832714262523093     0.01840905823481864        0.022176021170818364  0.020322539107765183 0.013987338716624179  0.005845702036277676  0.002507832884304526  0.0006995651114106596
0.011431916393507763 0.0166790277728349 0.018894598354529536 0.02102481933089481 0.014243139013575705 0.006874016482775016      0.0031345641912810564 0.00102430329840903            0.013401259193064174     0.01831649562590485        0.02032253910776518   0.021554051514934544 0.01404118372663557   0.006103945117658788  0.0027066040836864983 0.000794821074894569
0.007547193394102741 0.011144546369028643 0.012999056272922808 0.014254197614929898 0.010491346278831672 0.005571412982647023      0.0030169866858348704 0.0011222333581824024            0.008923750033807087     0.01228411541616797        0.01398733871662418   0.014041183726635568 0.010675116970821609  0.004989338359384158  0.0026883620446813143 0.0009466333007327206
0.003337914774220062 0.004836926009715194 0.005479721385381378 0.006260756975227823 0.0051534395508400195 0.003932187259372631      0.0025043121828085056 0.0011347659976868717            0.003885418978731058     0.005275820923080161        0.0058457020362776765 0.006103945117658788 0.004989338359384159  0.0037426211973084875 0.0022848867020996656 0.0010196253808122193
0.001476255198536271 0.0022763117600187047 0.0024290417320247904 0.00281070492616775 0.0028162564753531367 0.0024941113830112332      0.0025952761869889604 0.0011376463706516797            0.0016291066134889653     0.002386362596766497        0.0025078328843045265 0.0027066040836864983        0.0026883620446813148 0.0022848867020996656 0.0026553447279390363 0.0010653625389391973
0.0004353654993927686 0.00065837
