0.000   0.813000E-38   0.084656E-38
0.025   1.061000E-38   0.114229E-38
0.050   1.185000E-38   0.120467E-38
0.100   1.096000E-38   0.098827E-38
0.200   0.777000E-38   0.067082E-38
0.400   0.340000E-38   0.031897E-38
0.800   0.123000E-38   0.022216E-38
1.200   0.041000E-38   0.009782E-38
2.000   0.761000E-38   0.078085E-38
2.025   1.146000E-38   0.103909E-38
2.050   1.343000E-38   0.111408E-38
2.100   1.490000E-38   0.115248E-38
2.200   1.063000E-38   0.068290E-38
2.400   0.582000E-38   0.035799E-38
2.800   0.242000E-38   0.039803E-38
3.200   0.097000E-38   0.019214E-38
4.000   0              0
