0.0 9.0727046436e-39 1.0416665985e-39
0.025 1.36713686945e-38 1.4555543707e-39
0.05 1.60374921161e-38 1.61644970022e-39
0.1 1.77779397112e-38 1.74480620602e-39
0.2 1.26437732963e-38 1.24877587086e-39
0.4 6.86399152713e-39 7.97875427422e-40
0.8 2.81795050914e-39 5.93139341315e-40
1.2 1.11818649182e-39 2.74908026663e-40
2.0 9.74134032934e-39 1.05285865039e-39
2.025 1.27053453213e-38 1.38221256044e-39
2.05 1.41936302043e-38 1.48916154835e-39
2.1 1.31214085033e-38 1.46812981425e-39
2.2 9.27620248836e-39 1.03320457659e-39
2.4 4.0394169746e-39 6.11769662317e-40
2.8 1.44869365053e-39 5.15300371428e-40
3.2 4.79844766693e-40 2.36519334495e-40
4.0 0.0   0.0
