1 0
1.03 0
1.06 0
1.09 4.631980108288985
1.12 22.3389491785374
1.15 14.030534705923358
1.18 24.531313178258547
1.21 20.741849278460716
1.24 20.128180698533683
1.27 16.583180349963982
1.30 17.557316478051728
1.33 19.38623846815235
1.36 5.459624009481093
1.39 8.387609508981477
1.42 2.1553691353147535
1.45 3.2516440870959507
1.48 6.302140217972251
1.51 3.611925731415422
1.54 1.53259126716706
1.57 1.0408756070922287
1.60 1.5264564404062
1.63 1.0349266841726106
1.66 3.596681616433898
1.69 0
1.72 0.41475146980224054
1.75 0
