0	7.681E-39	1.493E-39
0.05	1.457E-38	1.18E-39
0.1	1.684E-38	9.72E-40
0.15	1.703E-38	8.216E-40
0.2	1.589E-38	5.134E-40
0.25	1.449E-38	3.983E-40
0.3	1.329E-38	3.386E-40
0.35	1.172E-38	2.629E-40
0.4	1.03E-38	2.457E-40
0.45	8.852E-39	2.975E-40
0.5	7.164E-39	3.193E-40
0.6	5.425E-39	3.212E-40
0.7	4.032E-39	3.442E-40
0.8	2.713E-39	2.885E-40
1	1.62E-39	2.25E-40
1.2	9.915E-40	1.407E-40
1.5	5.474E-40	2.504E-40
2	0		0


0       0.761E-38   0.104E-38
0.025   1.146E-38   0.144E-38
0.05    1.343E-38   0.160E-38
0.1     1.490E-38   0.172E-38
0.2     1.063E-38   0.122E-38
0.4     0.582E-38   0.075E-38
0.8     0.242E-38   0.055E-38
1.2     0.097E-38   0.025E-38
2.0     0           0


Rebinn them both into the following bins.
0.0     
0.05
0.1
0.2
0.4
0.8
1.2
2.0
