0.0 0.0 0.0 0.0 0.0 0.0 0.0 4.46237725203e-05 0.0 0.0 0.0 0.0 0.0 0.0 0.0 0.0 0.0 0.0 0.0 0.0 0.0 0.0 0.0 0.0 0.0 0.0 0.0 0.0 0.0 0.0 0.0 0.0 0.0 0.0 0.0 0.0 0.0 0.0 0.0 0.0 0.0 0.0 0.0 0.0 0.0 0.0 0.0 0.0 0.0 0.0 0.0
0.0 0.000116949214945 0.000443817710767 0.000321610280635 0.000613983327299 0.000263135775485 0.000321610299239 2.92373083872e-05 0.0 0.0 2.92373083872e-05 0.0 0.0 0.0 0.0 0.0 0.0 0.0 0.0 0.0 0.0 0.0 0.0 0.0 0.0 0.0 0.0 0.0 0.0 0.0 0.0 0.0 0.0 0.0 0.0 0.0 0.0 0.0 0.0 0.0 0.0 0.0 0.0 0.0 0.0 0.0 0.0 0.0 0.0 0.0 0.0
1.26979998542e-05 0.000596805863871 0.00172718261 0.00226531305797 0.00147556684101 0.00104263873059 0.000699894702804 0.000317449947877 0.00029193338805 0.000203167957268 5.07919913371e-05 3.80939914828e-05 3.80939914828e-05 1.26979998542e-05 0.0 1.26979998542e-05 1.26979998542e-05 0.0 0.0 0.0 0.0 0.0 0.0 0.0 0.0 0.0 0.0 0.0 0.0 0.0 0.0 0.0 0.0 0.0 0.0 0.0 0.0 0.0 0.0 0.0 0.0 0.0 0.0 0.0 0.0 0.0 0.0 0.0 0.0 0.0 0.0
7.893312975e-05 0.00169428814348 0.0051367840926 0.00559377262792 0.00422477064092 0.00272475320129 0.00175559026182 0.00123813825639 0.000913541721602 0.000447287740831 0.000245569727699 0.000192947691425 8.77034961023e-05 3.50813928602e-05 4.38517424705e-05 8.77034961023e-06 8.77034961023e-06 0.0 0.0 0.0 0.0 0.0 0.0 0.0 0.0 0.0 0.0 0.0 0.0 0.0 0.0 0.0 0.0 0.0 0.0 0.0 0.0 0.0 0.0 0.0 0.0 0.0 0.0 0.0 0.0 0.0 0.0 0.0 0.0 0.0 0.0
0.00019076854472 0.00377232472574 0.0149335490237 0.016313444226 0.0111954719557 0.00773267119199 0.0048606373171 0.00358309056337 0.0020737355696 0.0013255783914 0.000717155036585 0.000426159729628 0.000210187753455 0.000190513794198 6.3470578634e-05 5.44033720721e-05 2.72016831513e-05 0.0 0.0 9.06722964028e-06 0.0 0.0 0.0 0.0 0.0 0.0 0.0 0.0 0.0 0.0 0.0 0.0 0.0 0.0 0.0 0.0 0.0 0.0 0.0 0.0 0.0 0.0 0.0 0.0 0.0 0.0 0.0 0.0 0.0 0.0 0.0
0.00025530935754 0.00436543697277 0.0200446724223 0.0289753791501 0.0252511381174 0.0195159826299 0.0133448569167 0.00841849146488 0.00485001675489 0.00304682697086 0.00205758159332 0.001150428401 0.000544780187251 0.000294692070203 0.000137474242048 0.000137474279538 6.87371085274e-05 2.94587679384e-05 1.96391827912e-05 0.0 0.0 0.0 0.0 9.81959139558e-06 0.0 0.0 0.0 0.0 0.0 0.0 0.0 0.0 0.0 0.0 0.0 0.0 0.0 0.0 0.0 0.0 0.0 0.0 0.0 0.0 0.0 0.0 0.0 0.0 0.0 0.0 0.0
0.000104780365263 0.00347242932172 0.0160838009726 0.0278749128 0.0328518202513 0.0309520159967 0.0274548985066 0.0201892488219 0.0132654519324 0.00801678774384 0.00492405398091 0.00288541080708 0.00152984201618 0.000754418653896 0.000440077531438 0.000199082692 0.000167648569753 4.19121474387e-05 4.19121474387e-05 1.04780385265e-05 2.09560703857e-05 2.0956077053e-05 0.0 0.0 1.04780385265e-05 0.0 0.0 0.0 1.04780385265e-05 0.0 1.04780385265e-05 0.0 0.0 0.0 1.04780385265e-05 0.0 0.0 0.0 0.0 0.0 0.0 0.0 0.0 0.0 0.0 0.0 0.0 0.0 0.0 0.0 0.0
9.09713896553e-05 0.00184363422527 0.00974823249804 0.0183158267265 0.0249312069114 0.0298806479872 0.0337145055166 0.0333202076292 0.0270431913087 0.018596257322 0.0120703222259 0.00673645662863 0.00403281505615 0.00211752315504 0.00149161521485 0.000604277163352 0.00044334619059 0.00021605707033 0.000102342807935 0.000113714226216 4.54856948277e-05 2.32847964478e-05 0.0 0.0 0.0 0.0 0.0 0.0 0.0 0.0 0.0 0.0 0.0 0.0 0.0 0.0 0.0 0.0 0.0 0.0 0.0 0.0 0.0 0.0 0.0 0.0 0.0 0.0 0.0 0.0 0.0
9.86877079046e-05 0.00132418152569 0.00654281227271 0.0117835149374 0.0168405897257 0.021493025929 0.0274201016074 0.0342057862332 0.0352985631123 0.0325617683356 0.0240912655309 0.0160969018066 0.00969399286541 0.00541222421269 0.00297633469073 0.00177099352587 0.000952788882681 0.000468766622359 0.000234383354352 0.0001356955915 0.000123359640768 3.70078914454e-05 7.40157907404e-05 2.46719328633e-05 0.0 0.0 1.23359664316e-05 1.23359664316e-05 0.0 1.23359664316e-05 0.0 0.0 0.0 0.0 0.0 1.23359664316e-05 0.0 0.0 0.0 1.23359664316e-05 0.0 0.0 0.0 0.0 0.0 0.0 2.46719250138e-05 0.0 0.0 0.0 0.0
0.0 0.00106180550097 0.00456554913267 0.00840588644801 0.0108845836689 0.0140384423664 0.0179945344816 0.0258042627845 0.0319149168195 0.0353800726513 0.0343339173813 0.0293762221539 0.0207974423701 0.0121147813299 0.0073610132594 0.00435201453162 0.00238194575584 0.00125886857169 0.000655901699949 0.00024062834407 0.00010828500009 0.000106945917466 4.0104716923e-05 1.33682418098e-05 2.67364751132e-05 0.0 0.0 0.0 0.0 2.67364751132e-05 2.67364836196e-05 0.0 0.0 0.0 0.0 0.0 0.0 0.0 0.0 0.0 0.0 0.0 1.33682418098e-05 0.0 0.0 0.0 0.0 0.0 0.0 0.0 1.33682418098e-05
8.73081491429e-05 0.000658625955273 0.00259273470434 0.00556306995075 0.00778005827007 0.00960813073562 0.0130860355724 0.0169207548553 0.0226503529241 0.0283341067861 0.0332972653105 0.0347662780637 0.0327177238711 0.023618451608 0.0165289105908 0.00991851523733 0.00532887199844 0.00273867329947 0.00132601482807 0.000727567884833 0.000392886675773 0.000174616270508 0.000130962209826 8.73081398837e-05 1.45513597337e-05 1.45513597337e-05 0.0 1.45513597337e-05 0.0 0.0 0.0 0.0 0.0 0.0 0.0 0.0 0.0 0.0 0.0 0.0 0.0 0.0 0.0 0.0 0.0 0.0 0.0 0.0 0.0 0.0 0.0
4.74647827061e-05 0.000379718251581 0.00196392856118 0.00394261668835 0.00534826565052 0.00714678412057 0.00884193013674 0.0120986895668 0.0168465661093 0.019169463328 0.0247356960025 0.0308464634211 0.0344535599858 0.0307039703613 0.0271251432728 0.0211776502005 0.0126822406177 0.00747603915242 0.00373508349714 0.00202712168308 0.000998241705028 0.000569577322001 0.000365475529738 0.000126572733748 3.16431884707e-05 3.16431784032e-05 9.49295553447e-05 0.0 0.0 1.58215942354e-05 0.0 1.58215942354e-05 3.16431884707e-05 0.0 0.0 1.58215942354e-05 0.0 1.58215942354e-05 3.16431784032e-05 3.16431884707e-05 1.58215942354e-05 1.58215942354e-05 0.0 0.0 0.0 0.0 0.0 0.0 3.16431884707e-05 0.0 1.50973902582e-05
3.47030742104e-05 0.000294976213596 0.00192602039233 0.00208218493843 0.00368743931175 0.00480892096658 0.00688671620117 0.00882485929402 0.0122455114626 0.014189116429 0.0184269826378 0.0239910792675 0.0288660197096 0.032371146036 0.033534674478 0.0298305164166 0.023468179599 0.0145167199752 0.00894610738748 0.00505536444439 0.00274701234338 0.00121637010571 0.000557435029828 0.000485843061027 0.000190866968882 6.94061594617e-05 5.2054616836e-05 0.0 6.94061484207e-05 3.47030852514e-05 1.73515426257e-05 1.73515426257e-05 0.0 1.73515426257e-05 1.73515426257e-05 1.73515426257e-05 0.0 1.73515426257e-05 0.0 1.73515426257e-05 0.0 0.0 0.0 1.73515426257e-05 0.0 3.47030852514e-05 0.0 0.0 0.0 5.2054616836e-05 0.0
1.89824944284e-05 0.000265754909919 0.000968107058826 0.00167172368872 0.00258556060217 0.00360704645152 0.00473169660878 0.00639797120171 0.0090615867561 0.0116027315186 0.0141959714094 0.0174144080413 0.0207699982096 0.0256213928257 0.0308311412027 0.0321102314915 0.030718507625 0.0259216536106 0.0190078152114 0.0113724499711 0.00551818409196 0.003041083529 0.00170971692988 0.000854885871731 0.000588457194415 0.000189824932206 7.5929965635e-05 0.000170842425698 5.69474712065e-05 7.59299535562e-05 0.0 1.89824944284e-05 1.89824944284e-05 3.79649767781e-05 3.79649767781e-05 1.89824944284e-05 0.0 3.79649888569e-05 0.0 3.79649767781e-05 3.79649888569e-05 1.89824944284e-05 0.0 0.0 0.0 0.0 0.0 2.27245058591e-05 0.0 0.0 0.0
0.0 0.000327967093512 0.000534799791618 0.00133236641359 0.00170132946878 0.00230292366423 0.00324325508391 0.00410890397231 0.00638108652488 0.00821327927612 0.0101118778381 0.0136430108623 0.015636456757 0.0198011402095 0.0241387520751 0.0285437263324 0.0295811705537 0.0323247865337 0.0275631904585 0.0198611136853 0.0131274500077 0.00761706498097 0.00416700486337 0.0020497945627 0.000986113716289 0.00045095475684 0.000245975339699 8.19917798996e-05 0.000122987663328 4.09958834282e-05 2.04979482357e-05 0.0 4.09958964713e-05 0.0 6.14938316639e-05 3.57736220347e-05 0.0 7.6769518506e-05 0.0 0.0 2.04979482357e-05 0.0 2.04979482357e-05 2.04979482357e-05 0.0 0.0 0.0 0.0 0.0 2.04979482357e-05 4.09958964713e-05
2.24749456387e-05 0.000224749442086 0.000696723214692 0.00119117189003 0.00128483770668 0.00182904750238 0.00254527069327 0.00312401664292 0.00429266005834 0.00548652741736 0.00749723030837 0.0102831415119 0.0130264968262 0.0150678829723 0.0179449088357 0.0235924812433 0.0254516469361 0.030200390271 0.0307454848034 0.0287449786021 0.0229061091271 0.0149393615297 0.00886841400596 0.00531379346186 0.00283666733634 0.000923918242856 0.000359599058714 0.000202274439243 0.000112374713892 6.74248369161e-05 4.49498912774e-05 2.24749456387e-05 2.24749456387e-05 0.0 6.7424822615e-05 2.24749456387e-05 4.49498769763e-05 0.0 2.24749456387e-05 2.24749456387e-05 0.0 0.0 2.24749456387e-05 0.0 2.24749456387e-05 0.0 2.24749456387e-05 0.0 0.0 7.18820568716e-05 0.0
0.0 0.000244473866361 0.000440052894114 0.000929000564611 0.000855658400036 0.00125175490403 0.00207802771629 0.0026647653129 0.00308272185501 0.0045766296593 0.00653400389791 0.00838545267193 0.010794669427 0.0113986544996 0.0160668405381 0.0164479559922 0.0213569420102 0.0253946738294 0.0268276653235 0.0314055402859 0.0290883185631 0.0223639058108 0.0166235920785 0.0114035411615 0.00602173275747 0.00293368627188 0.00127126401485 0.000488947686054 0.00026892122344 0.000122236909846 7.3342149019e-05 0.0 7.3342149019e-05 0.0 0.0 4.88947763835e-05 4.88947608273e-05 2.44473881917e-05 4.88947763835e-05 0.0 4.88947608273e-05 2.44473881917e-05 0.0 2.44473881917e-05 7.3342149019e-05 0.0 2.44473881917e-05 4.88947763835e-05 0.0 2.44473881917e-05 2.92957819659e-05
0.0 0.000132425221953 0.000556186040061 0.00066212626144 0.00087400658623 0.00103291687617 0.00133063213804 0.00154046957035 0.00243662424909 0.00394507721812 0.00418463743841 0.00594631271136 0.0074776545363 0.00888427364614 0.0110208292623 0.0149254742811 0.0181373000029 0.0204461348894 0.0245647439934 0.0290020945462 0.030595550684 0.028781286215 0.0257625409659 0.0194817588593 0.0119287705982 0.00681541391198 0.00313366915843 0.00137722255773 0.000847521518246 0.000211880358495 0.000105940187674 2.64850511317e-05 5.29700854107e-05 2.64850511317e-05 0.0 2.64850511317e-05 7.94551365424e-05 0.0 5.29700854107e-05 2.64850511317e-05 2.64850511317e-05 2.64850511317e-05 2.64850511317e-05 2.64850511317e-05 0.0 0.0 0.0 0.0 2.64850511317e-05 3.17060385236e-05 0.0
0.0 0.000116993801778 0.000614217501209 0.0010001541562 0.000906701977737 0.00108219252221 0.000965198794876 0.00170147959062 0.00219363353674 0.00242762060057 0.00324972811893 0.00363523921123 0.0061421751982 0.00765044876894 0.00887498000697 0.0111860517427 0.0149304467604 0.0166473895416 0.0206832624329 0.0227552089182 0.0254885288838 0.0282794969047 0.0292254312363 0.0261434238206 0.0194061208072 0.0132922148381 0.00748760245767 0.00398125882657 0.00157941629608 0.00073445974997 0.00038022984182 5.84969101945e-05 0.000146242238264 0.000146242238264 2.92484550973e-05 0.000120358345151 5.84968915834e-05 5.84969101945e-05 8.77453466806e-05 2.92484550973e-05 2.92484550973e-05 2.92484550973e-05 0.0 2.92484550973e-05 0.0 0.0 0.0 2.92484550973e-05 2.92484550973e-05 0.0 5.84969101945e-05
0.0 0.000190488277814 0.000507968653297 0.000730205081789 0.000698457072523 0.00092069319799 0.000698456971515 0.00130954006514 0.00165573581424 0.00174614240858 0.00266683671767 0.0035038357938 0.00441297803536 0.00654254930159 0.00667722234024 0.00927042929134 0.0120057049138 0.0129849493855 0.0173723362975 0.0189390237773 0.0219230721679 0.025014666419 0.0279690771283 0.029415276946 0.0261375686665 0.0214372607768 0.0147143512889 0.0087942074352 0.00441591168278 0.00174614250959 0.000571464793039 0.000476220644031 0.000285732386419 9.52441288062e-05 0.000126992178476 0.000126992178476 6.34960993386e-05 3.17480496693e-05 6.34960993386e-05 0.0 3.17480496693e-05 6.34960993386e-05 5.54076298833e-05 6.97923566382e-05 3.17480496693e-05 0.0 6.97923566382e-05 3.17480496693e-05 3.17480496693e-05 0.0 3.80443069689e-05
0.0 0.000173428555367 0.000450914190984 0.000416228475497 0.000871776440852 0.000901828448182 0.000659028461839 0.00107525695941 0.000936514075386 0.00104057122185 0.00188195609377 0.00229613567862 0.0030870292081 0.00386270053419 0.00568845641299 0.00759854606277 0.0095140552349 0.0123340491164 0.0132301085928 0.0160731659574 0.0179464676114 0.0195552919401 0.0237193456819 0.0254128277832 0.0293976499424 0.028167055303 0.0227953141426 0.017403777545 0.0107234970735 0.00545729854501 0.00313203892054 0.0011793142383 0.000346857066593 0.000173428533296 6.93714309753e-05 0.00013874283988 0.00013874283988 0.000104057124392 0.000145621715663 3.46857154876e-05 3.46857154876e-05 3.46857154876e-05 6.93714309753e-05 0.000164591677119 3.46857154876e-05 6.93714309753e-05 7.62502846877e-05 8.31291604711e-05 7.62502846877e-05 6.0534530656e-05 0.0
0.0 7.57156762245e-05 0.00037857850157 0.000567867607818 0.000454294201884 0.000832872462559 0.000643583332221 0.00106001953941 0.000908588162873 0.000870730312716 0.00159002944161 0.00234718642066 0.00238504427082 0.00333148944072 0.00431579378569 0.00531056785077 0.00719817265842 0.0080258630288 0.0112816369378 0.0120009362113 0.0129473825856 0.0166842826982 0.0200787880651 0.0207391511245 0.0250077796785 0.0266901294416 0.0255557752243 0.0212378074406 0.0195169697686 0.0125688060112 0.00796576715002 0.00405078885868 0.00189289226695 0.00079501470876 0.000302862728987 0.000227147052763 0.000227147052763 0.000189289202606 7.57156762245e-05 7.57156762245e-05 0.000113573526381 3.7857850157e-05 0.000151431376538 0.0 3.7857850157e-05 0.0 4.53658000273e-05 3.7857850157e-05 3.7857850157e-05 4.53658000273e-05 3.7857850157e-05
0.0 0.000164734346295 0.000329468613972 0.00045301949817 0.00057657025134 0.000453019393347 0.000864855455626 0.000370652207097 0.00115314045027 0.00119432391236 0.00144142534009 0.00152379265737 0.00168852705607 0.00201799567004 0.00322149847215 0.00437556405987 0.00568333378101 0.00745896605414 0.00786606584139 0.0102135295227 0.0138413073361 0.0154572947113 0.0175137757115 0.0192053092088 0.0213630650213 0.0235158263023 0.0220086984357 0.0236799631863 0.0224551483389 0.0189706883447 0.0158968651119 0.00886633096378 0.00539504899602 0.00301484968384 0.000782488216965 0.000576570198928 0.000329468692589 0.000288285099464 0.000247101506339 0.00020591793942 4.11835931251e-05 0.0 4.11835931251e-05 0.0 8.23671862501e-05 0.000133057580195 4.11835931251e-05 0.0 0.000195425570958 0.000113058410914 0.000131718288924
0.0 0.000226930080248 0.000317702095019 0.000453860073857 0.000816948190702 0.000453860189376 0.000540709389163 0.000826061350281 0.000962194290427 0.00072617620481 0.00131619448854 0.00122542241601 0.00190621262788 0.00181544055534 0.00300526759777 0.00313163487061 0.00359194123792 0.00621788478794 0.00753407829457 0.00762349989502 0.0109800389356 0.0123060008242 0.0143611463042 0.017915325903 0.0178254673239 0.0198480304484 0.0199698472929 0.0218760593431 0.0211255339494 0.0216833116688 0.0173374574494 0.0177687152668 0.0121726696472 0.00630172772748 0.00376703932056 0.00163722756705 0.000680790211864 4.53860218255e-05 9.07720436511e-05 9.07720147714e-05 9.07720147714e-05 4.53860218255e-05 5.43329499073e-05 0.000124595041761 4.53860218255e-05 9.07720436511e-05 4.53860218255e-05 5.43869549283e-05 0.0 0.0 4.53860218255e-05
0.0 9.73425597542e-05 0.000389370362897 0.000584055513376 0.000535384248984 0.000584055513376 0.000292027741203 0.000389370300957 0.00068139813507 0.000876083316519 0.000827412021157 0.00126545336972 0.00111943976236 0.00136279596044 0.00209286551475 0.00263583032755 0.00384503069219 0.00507140982785 0.00604016844046 0.00681397943055 0.00935646919221 0.0123203335299 0.0119772530436 0.0147474014108 0.0157489379948 0.0181878225057 0.0176832465885 0.0189501499807 0.019809215509 0.0196619796957 0.0213664058412 0.0178136910055 0.0162376996239 0.0139594380838 0.0102319871177 0.00433174451298 0.00175216641625 0.000389370300957 0.000347569299971 0.000106995057628 0.000204337648353 0.000106995057628 4.86712953622e-05 0.0 9.73425907243e-05 9.73425907243e-05 0.0 4.86712953622e-05 0.000106937143446 4.86712953622e-05 8.49425759206e-05
0.0 0.00016341602161 0.000272360059124 0.000326832077881 0.000381304061976 0.000217888040367 0.000557244673991 0.000995697883627 0.00114391235924 0.000599192206327 0.000708136243841 0.00119838423935 0.00119838406604 0.00164078258942 0.0013073282422 0.00239676844403 0.00272360041793 0.00250571248155 0.0049624866433 0.00512036952053 0.00926735026456 0.0110578183866 0.0111708666595 0.0127464499629 0.0156334660904 0.0162430589167 0.0165159838151 0.0165698494358 0.0168553813144 0.0169155008595 0.0165395503275 0.0180380579538 0.018884256609 0.0184730680909 0.018644423127 0.0115229278446 0.00570170239291 0.00217888033434 0.000708135966551 0.000381304096638 0.000108944002853 0.00016341602161 0.000108944002853 0.000108944037514 0.000108944002853 0.000312954209335 6.52748822177e-05 0.000119746900975 0.0 5.4472018757e-05 5.4472018757e-05
5.9042708306e-05 0.000236170795654 0.000177128087348 0.000590426970351 0.000236170795654 0.000531384262045 0.000472341666448 0.000354256212266 0.000837290978658 0.00029521350396 0.000472341553739 0.00106276874951 0.00129893939488 0.00129893935731 0.00135798210319 0.00153511022811 0.00271596401853 0.00283404943514 0.00391226598172 0.0047234156501 0.00561199023581 0.0071441677426 0.00956491758092 0.0101878538353 0.0130464411473 0.0135871756587 0.0165909978406 0.0163969782312 0.0171933465123 0.0167467287577 0.0148270261347 0.0162469176953 0.0166500429909 0.0191408908461 0.0209739658383 0.0170151970575 0.011829226737 0.00638025693706 0.00206649471557 0.000590426970351 0.000354256174697 0.000295213466391 0.000118085416612 0.000177128087348 0.000129794736933 0.000177128087348 0.000177128087348 0.0 0.000177128087348 5.9042708306e-05 0.00020047651039
0.0 0.0 0.000127584029924 0.000127584029924 0.000446544043845 0.000382752130362 0.000318960135696 0.000446544043845 0.000637920230801 0.000765504220133 0.000574128317318 0.00121204866989 0.000637920352576 0.000701712184875 0.00127584050219 0.00108446459938 0.000956880325906 0.00294292742791 0.00255168116675 0.00369993759843 0.004848195532 0.00586886488938 0.00696623430995 0.00956880463917 0.0117433273695 0.0134274906001 0.0126543691509 0.0136674902851 0.0154473296955 0.0148888748352 0.0136241976499 0.0154376672554 0.0142518166496 0.015767857319 0.0162285033134 0.0186272694242 0.0164706666966 0.0124394445615 0.00548611409854 0.00333085808062 0.00077993979363 0.000318960095105 0.000175123771092 0.000302707801016 0.000127584070515 0.0 0.0 6.37920352576e-05 6.37920352576e-05 0.000187774975555 6.37920352576e-05
0.0 6.96536541736e-05 0.000139307264026 0.0005636864308 6.96536541736e-05 0.000557229011782 0.000417921836399 0.000487575490572 0.000417921836399 0.000487575357608 0.00111445820085 0.000626882665955 0.000835843805762 0.001044804591 0.00123602007231 0.00125376555352 0.00111445824517 0.00146272669332 0.00286244050948 0.00403991141021 0.00410956479846 0.00466679412049 0.00647778935061 0.00789959977697 0.0101825594506 0.0134687402327 0.013373501557 0.0147940832588 0.0140285718465 0.0156024149892 0.0146320328227 0.0137624594348 0.0131760914831 0.0136521148884 0.0133941425609 0.0159114004615 0.0186118669894 0.0170242571497 0.0153238012589 0.010193783025 0.00417921894017 0.00201995566078 0.000417921836399 6.96536541736e-05 0.000139307308347 6.96536541736e-05 0.000139307264026 0.0 0.000222774640309 0.0 0.0
0.0 0.0 0.000455367013094 0.000607155904776 0.000303577976534 0.000531261531374 0.000607156146239 0.000379472543107 0.000151788988267 0.000834839411323 0.000607156146239 0.000758945182798 0.000303578024827 0.000607156146239 0.00129020656929 0.000758945182798 0.00144199555756 0.00151789012413 0.00197325694406 0.00312762939466 0.00303578048973 0.0046295647458 0.00645103178403 0.00684390847678 0.00758945197286 0.0115359649917 0.012606806894 0.0138449100658 0.0138886922574 0.013820503552 0.0123800740761 0.0125409310191 0.0122949090638 0.0124043295305 0.0133828849484 0.015651840106 0.0122190176845 0.0164149630839 0.0139645918464 0.0169244744374 0.0116118613934 0.00798488672602 0.00447777624046 0.00144199575073 0.000455367013094 0.000227683506547 0.000227683506547 0.00022768355484 0.000132453345097 9.09458811098e-05 0.000151788988267
0.0 0.0 0.000254401843263 0.00053364079569 0.000339202475671 8.48006324077e-05 0.000254401843263 0.000525520454772 0.000169601210856 0.000424003108079 0.00076320542187 0.000508803740486 0.000508803740486 0.000678404789463 0.000848006054278 0.00101760758889 0.00076320542187 0.000848006324077 0.00195041400578 0.00245921774627 0.00288322096226 0.00356162596756 0.00501878412614 0.00501559537781 0.00712794265163 0.00941803926647 0.0114865626324 0.0106224455075 0.0128983452719 0.0134910170594 0.0128915104668 0.0123099511935 0.0111297477114 0.0101760748097 0.0131610643011 0.011278481682 0.0119568867413 0.0106186587238 0.00949766921087 0.0120505381131 0.0147337007989 0.0128060417594 0.00971592183398 0.0080825609812 0.00392540498102 0.00213683288951 0.000678404951342 0.000169601264815 0.000317597822187 8.48006324077e-05 0.000288037135064
0.0 0.0 0.000283078691458 0.000471797859124 0.000471797859124 9.43595838333e-05 0.000188719107624 0.000283078691458 0.000566157382915 0.000283078691458 0.000943595538122 0.000566157382915 0.000471797859124 0.00112239693895 0.000283078691458 0.000660516966748 0.000660516786622 0.000943595838333 0.00122667428962 0.00179283167254 0.00226462965175 0.00349130430162 0.00434053989566 0.00434053983561 0.00671173252363 0.00749004359602 0.0089674152305 0.0101908304908 0.0115570614134 0.013021618246 0.0133395361706 0.012672515135 0.0107569907557 0.010878948306 0.01180599604 0.011511866826 0.00982417068694 0.00947782038971 0.00858672062777 0.00839800206053 0.0105836321783 0.0106385932262 0.0125962549653 0.0138967837147 0.0104739135053 0.00792620378111 0.0037743824527 0.00172520112478 0.000566157382915 0.0 0.000188719167667
9.977793124e-05 0.0 9.977793124e-05 0.00029933373023 0.00019955579899 0.00029933373023 0.00029933373023 0.00019955579899 0.00019955579899 0.00049888959271 0.000473469109954 0.00039911166147 0.00089800138116 0.00059866746046 0.00079822332294 0.00019955579899 0.00099777899495 0.00089800106371 0.00039911166147 0.00079822344992 0.00191556860288 0.0029132291256 0.00359200520719 0.003691782694 0.00449000639788 0.00598667454111 0.00798223221356 0.00970430437026 0.0103769024998 0.0121824174518 0.0106762356587 0.0133702405005 0.0127715726591 0.0123953077887 0.0127907504301 0.010476681193 0.0112001452396 0.00930596607974 0.00750313179997 0.0079822325945 0.00608645336121 0.00631324843924 0.0070842321022 0.0082815671501 0.0108988161475 0.0130709072782 0.00878045909194 0.00698445359955 0.00369178282098 0.00101193458479 0.000493257146253
0.0 0.0 0.00010913801486 0.000327413975135 0.000327413975135 0.0 0.000221955063934 0.000218275960275 0.0 0.000436551989996 0.000218275960275 0.000436551989996 0.00010913801486 0.000654827950271 0.000873104118884 0.000654828019717 0.000786439831433 0.000545690004856 0.00152793186082 0.0013096558311 0.00163706987568 0.00261931193998 0.00272845030207 0.00327414002914 0.00381983003399 0.00556603792453 0.00687569375563 0.00952482318559 0.0126600059043 0.00960414343268 0.0132406598247 0.0137513887613 0.00993155775505 0.0117869049105 0.0120051791346 0.00995525088261 0.0103681095367 0.00907128431746 0.00687569458898 0.00600258908118 0.00698483142326 0.00592406510051 0.00602397861956 0.00572805466891 0.00873103979992 0.00946720067768 0.0130169916005 0.0116994127587 0.0101714777728 0.00526186262314 0.00220440414639
0.0 0.000117464977004 0.000352394856268 0.000234929879264 0.000352394856268 0.0 0.00070478978728 0.000352394856268 0.000469859833272 0.000469859758528 0.000234929879264 0.000352394856268 0.000587324810276 0.000352394856268 0.000587324810276 0.000469859833272 0.000587324810276 0.000587324810276 0.000939719442311 0.00164450960331 0.00140957972405 0.00187943948258 0.00211436921235 0.00273450166845 0.00328901898239 0.00340648351093 0.00661375556061 0.00834001209664 0.00998452035455 0.00916226633771 0.0104543802626 0.0123338203431 0.0125687505961 0.0152704432733 0.01185943907 0.0133910051361 0.0109242409928 0.00883638161036 0.00798761694139 0.00728282782681 0.00411127337296 0.00448682472522 0.00411127329821 0.00481606323498 0.00729834581615 0.00713543585418 0.00740029205637 0.0101019860043 0.0112766357743 0.0101349719903 0.00751775733235
0.0 0.0 0.000284938597847 0.000519180559108 0.000259590238259 0.000129795160425 0.000389385398683 0.000389385398683 0.000389385398683 0.000259590238259 0.000389385398683 0.000389385398683 0.000389385398683 0.0 0.000389385398683 0.000259590238259 0.000389385398683 0.000778770797367 0.000519180559108 0.00142774635172 0.000908566040382 0.00181713183299 0.00168733708552 0.00155754151214 0.0025959031259 0.0046726247842 0.00545139582934 0.00648975678238 0.00726871596816 0.00778770838662 0.0092154542428 0.00974454191841 0.0114669043009 0.0125032982014 0.0125901278357 0.0153700873549 0.0116008137785 0.00921545465575 0.00804729821193 0.00648975752569 0.00584078172356 0.00352901788682 0.00298528811163 0.00390504191333 0.00548962381203 0.00584078122802 0.0048024201924 0.00752811831354 0.00804729854229 0.0106432018334 0.0101410181878
0.0 0.0 0.0 0.0 0.000141091486479 0.0 0.000282182883181 0.000141091486479 0.000282182883181 0.000141091486479 0.000282182883181 0.000282182883181 0.000564365856139 0.000282182972959 0.000141091486479 0.000141091486479 0.000564365856139 0.000282182883181 0.000564365856139 0.000564365856139 0.000282182883181 0.000846548829098 0.00183418932423 0.00253964630774 0.00211637229719 0.0025691478956 0.00354904699021 0.00507929243592 0.0057847499581 0.00592584180369 0.00860657923879 0.0115695026993 0.0108803201816 0.0127461317462 0.012133865503 0.0154074284155 0.0118516829789 0.010722951536 0.00931203667119 0.00860657923879 0.00368990954211 0.00510073588553 0.00479710928341 0.00488795321978 0.00493820148811 0.00499224028471 0.00588989431572 0.00719566482289 0.00747784734696 0.00479710937318 0.00595382182946
0.0 0.0 0.000154596875334 0.000463790527631 0.0 0.0 0.000154596875334 0.000154596875334 0.0 0.000154596875334 0.000463790527631 0.0 0.000154596875334 0.000463790527631 0.00111283760381 0.000309193652296 0.000154596875334 0.000618387402965 0.000463790527631 0.000463790527631 0.00154596826148 0.00108217763548 0.00139137187801 0.00170056503844 0.00247354990697 0.00293734053298 0.00343160589299 0.00510169570556 0.00664766495077 0.0063702552643 0.00958500518863 0.00947409282158 0.0114401672008 0.0106671824306 0.0132953292129 0.0139137172061 0.0141112578492 0.00976477701103 0.0100487958146 0.00665802803855 0.00664766455728 0.00355572803431 0.00417411494542 0.00309193671971 0.00513326138411 0.00469590152106 0.00529664228125 0.00467286449082 0.00633847031475 0.00448330918795 0.00572008330527
0.0 0.0 0.0 0.0 0.0 0.000166036212483 0.000166036212483 0.000498108531797 0.000166036212483 0.0 0.000166036212483 0.000349643967006 0.000498108531797 0.0 0.000332072319314 0.000166036212483 0.000166036212483 0.000498108531797 0.0 0.000664144744279 0.000664144744279 0.00149432538409 0.00182639833731 0.00149432538409 0.000664144744279 0.00215847076227 0.00215847076227 0.00448297699747 0.00415090478381 0.00514712131915 0.00747162882216 0.00946406242109 0.00996217053029 0.00996217095289 0.0126187494018 0.0144451481617 0.0151257462388 0.0143019479703 0.00949177042818 0.00846784567445 0.00713955512938 0.00368633175188 0.004649012893 0.00249054234203 0.00464901320996 0.00439799066764 0.00481504984504 0.00448297752573 0.00484797816914 0.00415090510076 0.0033863823798
0.0 0.0 0.000361337202485 0.0 0.0 0.0 0.000180668658723 0.000361337317447 0.000361337317447 0.000180668658723 0.000542005861208 0.00054200597617 0.000542005861208 0.000542005861208 0.000180668658723 0.0 0.000180668658723 0.000361337202485 0.0 0.000722674519931 0.000542005861208 0.000903343178655 0.00144534926979 0.000542005861208 0.00198735524596 0.00162601792851 0.00273208298672 0.00289069796476 0.00307136662349 0.0048780535556 0.00505872129463 0.00691330323176 0.00885276370263 0.0110207873774 0.0126468042712 0.0171635194747 0.0150469304762 0.0119241302112 0.0115627917441 0.00740741362811 0.00581178789839 0.00487805286583 0.00505872106471 0.00252936076228 0.00382775792006 0.00293164226949 0.00451671600823 0.00202620586792 0.00289069796476 0.00328786517014 0.00523938972343
0.0 0.000199128830768 0.0 0.000199128830768 0.0 0.000199128830768 0.000199128830768 0.000398257534827 0.000199128830768 0.0 0.0 0.0 0.000199128830768 0.000398257534827 0.0 0.0 0.000398257661535 0.0 0.00099564402713 0.000597386365595 0.000796515196362 0.000597386365595 0.000597386365595 0.00123133626925 0.00099564402713 0.00139390156196 0.00298693170126 0.0021904165049 0.00438083427689 0.00517734820617 0.00418170531941 0.00637212068394 0.00935905365229 0.0113503420867 0.0121468565228 0.015532046139 0.012146856016 0.0169663140041 0.0121900007755 0.00975731055357 0.00657125065508 0.00557560675466 0.00438083326322 0.00358431743332 0.00238954546238 0.00358431781344 0.00418170493929 0.00378344639079 0.00378344740446 0.00442032489998 0.00318606027862
0.0 0.0 0.000216876595588 0.000239828553839 0.0 0.0 0.000650629648763 0.0 0.0 0.000423826069374 0.000423826069374 0.0 0.000216876595588 0.000378499412211 0.000216876595588 0.000216876595588 0.000433753053175 0.000216876595588 0.000650629648763 0.0 0.000433753053175 0.000433753053175 0.000650629648763 0.000650629648763 0.00108438283994 0.00195188936029 0.00238564255147 0.00195188867029 0.00216876595588 0.00390377858258 0.00569398882173 0.00477128496493 0.00672317280721 0.00759067877556 0.00997632187903 0.0189910205054 0.0160488644855 0.0153982360787 0.0119282111013 0.00997632118903 0.00845818543392 0.00493290695355 0.00281939519064 0.00390377830658 0.00281939519064 0.00195188894629 0.00238564213746 0.00477128386092 0.00368690184899 0.00455440754134 0.00260251831905
0.0 0.0 0.0 0.0 0.000710423152157 0.0 0.000473615384544 0.0 0.0 0.000236807767614 0.0 0.000236807767614 0.000473615384544 0.0 0.000236807767614 0.0 0.0 0.0 0.0 0.000473615384544 0.000710423152157 0.000947230919771 0.000710423152157 0.001420846455 0.000710423152157 0.0021312691551 0.00213126990852 0.00331530799317 0.00213126990852 0.00260488469033 0.00260488529307 0.00568338627204 0.00710423287773 0.00686742420601 0.00852507782589 0.0151556947163 0.0198918485618 0.0144984483042 0.0142313862575 0.0089986944159 0.0052097699834 0.00378892337772 0.00260488514238 0.00355211545942 0.00265218114848 0.00213126945647 0.00426253876226 0.00189446168886 0.00497296131168 0.00355211530873 0.00189446183954
0.0 0.0 0.0 0.000501801817954 0.0 0.000250900988803 0.0 0.000250900988803 0.000752702806757 0.0 0.0 0.0 0.0 0.0 0.0 0.000250900988803 0.000250900988803 0.000501801817954 0.000250900988803 0.000250900988803 0.0 0.00100360379556 0.000501801817954 0.000992119270595 0.0 0.00150540577316 0.00175630612336 0.000752702806757 0.000501801817954 0.00376351387413 0.00301081106737 0.0033189664084 0.00476711782934 0.0050180196164 0.00827973103397 0.0107887412413 0.016057659771 0.0188429759785 0.0145522546365 0.0102869387847 0.0116079107662 0.00451621747915 0.00376351419343 0.00525445858124 0.00351261320463 0.00376351355483 0.00225810842027 0.00376351403378 0.00369959152066 0.00200720759112 0.00301081074807
0.0 0.000275763416359 0.0 0.0 0.000275763416359 0.0 0.000275763416359 0.0 0.0 0.0 0.000551526657247 0.0 0.0 0.000275763416359 0.0 0.000275763416359 0.000275763416359 0.000605887963184 0.0 0.000275763416359 0.0 0.000275763416359 0.000275763416359 0.000275763416359 0.000827290073607 0.000827290073607 0.00193034356357 0.000827290073607 0.00110305348997 0.00220610733088 0.00386068782903 0.00358492353531 0.00551526815172 0.00634255752344 0.0107547704305 0.0080363910393 0.0132366403003 0.0137881680104 0.0143396957205 0.0141165422271 0.013512405296 0.00827290196437 0.00413645001709 0.00193034356357 0.00275763363718 0.0019303433881 0.00248187022082 0.00386068712715 0.00303339705354 0.00307387802215 0.0033091604699
0.0 0.0 0.0 0.0 0.000303931731374 0.0 0.000303931731374 0.0 0.000363845670357 0.0 0.000607863462747 0.0 0.0 0.0 0.0 0.0 0.000911795000725 0.0 0.000607863462747 0.0 0.0 0.0 0.0 0.000911795000725 0.000607863269352 0.000607863269352 0.000911795000725 0.000911795000725 0.00243145385099 0.00364717980951 0.00303931634676 0.00334324904511 0.00395111250786 0.00516683846637 0.0069904296282 0.00911795097423 0.0161083794421 0.0206673557994 0.0115494044384 0.0173241063675 0.0121572671276 0.00820615655369 0.00607863385389 0.00486290731519 0.00151965846347 0.00559132098825 0.00303931673355 0.00182359000145 0.00395111154088 0.0024314532708 0.00334324827153
0.0 0.0 0.0 0.0 0.0 0.0 0.000330434429007 0.000330434429007 0.000330434429007 0.0 0.0 0.000330434429007 0.0 0.000330434429007 0.000330434429007 0.000330434429007 0.0 0.000330434429007 0.00138687612105 0.0 0.000330434429007 0.000660868647754 0.0 0.000660868647754 0.0 0.00132173750577 0.000660868858014 0.00264347543206 0.000991303076761 0.000991303076761 0.00297390859951 0.00264347501154 0.00330434302851 0.00429564757709 0.00990202662441 0.00693912279889 0.0142086779242 0.0145391127737 0.0125565070407 0.0115933501468 0.00999561062187 0.00991303139839 0.00429564694631 0.00429564610527 0.00396521188653 0.00264347459102 0.00396521293782 0.00297390923028 0.00330434365929 0.0040630767682 0.000991303076761
0.0 0.0 0.0 0.0 0.0 0.000687853836766 0.0 0.000600231371664 0.0 0.0 0.0 0.0 0.0 0.0 0.000343926918383 0.000343926918383 0.0 0.0 0.0 0.0 0.000343926918383 0.000687853617921 0.0 0.000343926918383 0.000687853617921 0.0011107323634 0.0010317805363 0.00171963437307 0.00137570745469 0.00206356107261 0.00171963437307 0.00206356129145 0.00275141512822 0.00550283047528 0.00481497663852 0.00962995130743 0.0116935150062 0.0195563108479 0.0137570754223 0.0200417230138 0.0103178073326 0.0106617331568 0.00447104840706 0.00488841619833 0.00378319544568 0.00309534182776 0.0034392685273 0.00275141490937 0.0034392685273 0.00240748799099 0.00378319544568
0.0 0.0 0.0 0.0 0.0 0.0 0.0 0.0 0.0 0.0 0.0 0.0 0.0 0.0 0.00038197782093 0.00038197782093 0.0 0.000763955398802 0.00114593321973 0.00038197782093 0.00038197782093 0.0 0.0 0.000763955641859 0.00038197782093 0.00038197782093 0.000763955641859 0.00190988886159 0.000763955398802 0.00152791104066 0.00114593321973 0.00152791104066 0.00305582135215 0.00229186643946 0.00534768924996 0.00840351181739 0.0114593321973 0.0156610891998 0.0122232873531 0.0152791089483 0.0137511986368 0.0138062622823 0.00458373312198 0.00381977748012 0.00381977796624 0.00305582183827 0.00458373336504 0.00343779965919 0.00343779990225 0.00381977748012 0.00305582183827
0.0 0.0 0.00041638230989 0.0 0.0 0.00041638230989 0.0 0.0 0.000832764354831 0.0 0.0 0.0 0.0 0.0 0.0 0.0 0.0 0.0 0.00041638230989 0.0 0.00041638230989 0.00041638230989 0.0 0.00041638230989 0.00041638230989 0.00041638230989 0.00041638230989 0.00041638230989 0.0 0.0020819112845 0.00166552897461 0.00166552897461 0.00166552897461 0.00249829332944 0.00499658771868 0.0062457343834 0.00838940136255 0.0116587020274 0.0162389061115 0.0166552892162 0.0141569980064 0.00999317278787 0.00832764434316 0.00499658745373 0.00499658692383 0.0020819112845 0.00333105768427 0.00208191101955 0.00208191101955 0.00379282421004 0.00249829359439
0.0 2.73966104841e-05 5.35391922036e-05 8.21898140195e-05 0.0 5.47932035354e-05 0.000108332395739 2.73966104841e-05 0.000130003184276 5.47932209682e-05 2.73966104841e-05 5.47932209682e-05 0.000114987124654 5.47932035354e-05 5.15634627811e-05 0.000136983034988 8.21898140195e-05 0.0 0.000130003184276 0.000136983034988 0.000136983034988 0.000115019706565 0.000164379628039 0.000136983034988 0.000165303183136 0.000416349752815 0.00015739979476 0.00027073625949 0.000301362697892 0.000220096334373 0.000548855712481 0.000301362610728 0.000520535512034 0.000799934794339 0.00112616017491 0.00179827916607 0.00265747057194 0.0037338526647 0.00536973516677 0.00690365183775 0.00805460257582 0.00786565871472 0.00593964425016 0.00518366778807 0.00545735773986 0.00474504555349 0.00457523436923 0.00477298442878 0.003836305394 0.00366959899216 0.00353821526926
