0.25 0.325 -1 -0.5
0.25 0.325 -0.5 0.1
0.25 0.325 0.1 0.6
0.25 0.325 0.6 1
0.325 0.4 -1 -0.7
0.325 0.4 -0.7 -0.4
0.325 0.4 -0.4 0
0.325 0.4 0 0.4
0.325 0.4 0.4 0.6
0.325 0.4 0.6 0.8
0.325 0.4 0.8 1
0.4 0.45 -1 -0.6
0.4 0.45 -0.6 -0.2
0.4 0.45 -0.2 0.2
0.4 0.45 0.2 0.5
0.4 0.45 0.5 0.65
0.4 0.45 0.65 0.85
0.4 0.45 0.85 1
0.45 0.5 -1 -0.4
0.45 0.5 -0.4 0
0.45 0.5 0 0.2
0.45 0.5 0.2 0.4
0.45 0.5 0.4 0.55
0.45 0.5 0.55 0.65
0.45 0.5 0.65 0.8
0.45 0.5 0.8 0.92
0.45 0.5 0.92 1
0.5 0.55 -1 -0.2
0.5 0.55 -0.2 0.2
0.5 0.55 0.2 0.4
0.5 0.55 0.4 0.5
0.5 0.55 0.5 0.6
0.5 0.55 0.6 0.7
0.5 0.55 0.7 0.8
0.5 0.55 0.8 0.9
0.5 0.55 0.9 1
0.55 0.6 -1 0
0.55 0.6 0 0.3
0.55 0.6 0.3 0.5
0.55 0.6 0.5 0.6
0.55 0.6 0.6 0.7
0.55 0.6 0.7 0.8
0.55 0.6 0.8 0.9
0.55 0.6 0.9 1
0.6 0.65 -1 0.1
0.6 0.65 0.1 0.37
0.6 0.65 0.37 0.5
0.6 0.65 0.5 0.6
0.6 0.65 0.6 0.7
0.6 0.65 0.7 0.8
0.6 0.65 0.8 0.9
0.6 0.65 0.9 1
0.65 0.7 -1 0.3
0.65 0.7 0.3 0.5
0.65 0.7 0.5 0.6
0.65 0.7 0.6 0.7
0.65 0.7 0.7 0.8
0.65 0.7 0.8 0.9
0.65 0.7 0.9 1
0.7 0.75 -1 0.45
0.7 0.75 0.45 0.65
0.7 0.75 0.65 0.75
0.7 0.75 0.75 0.82
0.7 0.75 0.82 0.9
0.7 0.75 0.9 1
0.75 0.8 -1 0.55
0.75 0.8 0.55 0.7
0.75 0.8 0.7 0.8
0.75 0.8 0.8 0.87
0.75 0.8 0.87 1
0.8 0.85 -1 0.65
0.8 0.85 0.65 0.78
0.8 0.85 0.78 0.89
0.8 0.85 0.89 1
0.85 0.9 -1 0.73
0.85 0.9 0.73 0.86
0.85 0.9 0.86 1
0.9 0.975 -1 0.77
0.9 0.975 0.77 0.88
0.9 0.975 0.88 1
0.975 1.2 -1 0.84
0.975 1.2 0.84 1
