0.1 0.17 -1 0
0.1 0.17 0 1
0.17 0.21 -1 -0.2
0.17 0.21 -0.2 0.4
0.17 0.21 0.4 1
0.21 0.24 -1 -0.2
0.21 0.24 -0.2 0.4
0.21 0.24 0.4 1
0.24 0.27 -1 -0.1
0.24 0.27 -0.1 0.5
0.24 0.27 0.5 1
0.27 0.3 -1 -0.1
0.27 0.3 -0.1 0.35
0.27 0.3 0.35 0.6
0.27 0.3 0.6 1
0.3 0.38 -1 -0.4
0.3 0.38 -0.4 -0.1
0.3 0.38 -0.1 0.1
0.3 0.38 0.1 0.35
0.3 0.38 0.35 0.5
0.3 0.38 0.5 0.7
0.3 0.38 0.7 0.85
0.3 0.38 0.85 1
0.38 0.48 -1 0
0.38 0.48 0 0.5
0.38 0.48 0.5 0.65
0.38 0.48 0.65 0.8
0.38 0.48 0.8 0.92
0.38 0.48 0.92 1
0.48 0.75 -1 0.2
0.48 0.75 0.2 0.5
0.48 0.75 0.5 0.65
0.48 0.75 0.65 0.8
0.48 0.75 0.8 0.875
0.48 0.75 0.875 0.95
0.48 0.75 0.95 1
0.75 1.14 -1 0.5
0.75 1.14 0.5 0.8
0.75 1.14 0.8 0.875
0.75 1.14 0.875 0.95
0.75 1.14 0.95 1
1.14 2.5 -1 0.85
1.14 2.5 0.85 0.9
1.14 2.5 0.9 0.95
1.14 2.5 0.95 1
2.5 1e10 -1 1
